SG=147
 name=P-3 
 nsym= 6
 spinor=True
symmetries=
1 0 0   0 1 0   0 0 1     0.0 0.0 0.0      1.0  0.0  0.0  1.0    0.0  0.0  0.0  0.0
0 -1 0   1 -1 0   0 0 1     0.0 0.0 0.0      1.0  0.0  0.0  1.0    0.33333  0.0  0.0  -0.33333
-1 1 0   -1 0 0   0 0 1     0.0 0.0 0.0      1.0  0.0  0.0  1.0    -0.33333  0.0  0.0  0.33333
-1 0 0   0 -1 0   0 0 -1     0.0 0.0 0.0      1.0  0.0  0.0  1.0    0.0  0.0  0.0  0.0
0 1 0   -1 1 0   0 0 -1     0.0 0.0 0.0      1.0  0.0  0.0  1.0    0.33333  0.0  0.0  -0.33333
1 -1 0   1 0 0   0 0 -1     0.0 0.0 0.0      1.0  0.0  0.0  1.0    -0.33333  0.0  0.0  0.33333


 kpoint  A : 0.0 0.0 0.5  : 1 2 3 4 5 6
-A4 1    1.0  -1.0  -1.0  1.0  -1.0  -1.0
-A5 1    1.0  1.0  1.0  1.0  1.0  1.0   0.0  -0.33333  0.33333  0.0  -0.33333  0.33333
-A6 1    1.0  1.0  1.0  1.0  1.0  1.0   0.0  0.33333  -0.33333  0.0  0.33333  -0.33333
-A7 1    1.0  -1.0  -1.0  -1.0  1.0  1.0
-A8 1    1.0  1.0  1.0  1.0  1.0  1.0   0.0  -0.33333  0.33333  1.0  0.66667  -0.66667
-A9 1    1.0  1.0  1.0  1.0  1.0  1.0   0.0  0.33333  -0.33333  1.0  -0.66667  0.66667

 kpoint  GM : 0.0 0.0 0.0  : 1 2 3 4 5 6
-GM4 1    1.0  -1.0  -1.0  1.0  -1.0  -1.0
-GM5 1    1.0  1.0  1.0  1.0  1.0  1.0   0.0  -0.33333  0.33333  0.0  -0.33333  0.33333
-GM6 1    1.0  1.0  1.0  1.0  1.0  1.0   0.0  0.33333  -0.33333  0.0  0.33333  -0.33333
-GM7 1    1.0  -1.0  -1.0  -1.0  1.0  1.0
-GM8 1    1.0  1.0  1.0  1.0  1.0  1.0   0.0  -0.33333  0.33333  1.0  0.66667  -0.66667
-GM9 1    1.0  1.0  1.0  1.0  1.0  1.0   0.0  0.33333  -0.33333  1.0  -0.66667  0.66667

 kpoint  H : 0.333333 0.333333 0.5  : 1 2 3
-H4 1    1.0  -1.0  -1.0
-H5 1    1.0  1.0  1.0   0.0  -0.33333  0.33333
-H6 1    1.0  1.0  1.0   0.0  0.33333  -0.33333

 kpoint  K : 0.333333 0.333333 0.0  : 1 2 3
-K4 1    1.0  -1.0  -1.0
-K5 1    1.0  1.0  1.0   0.0  -0.33333  0.33333
-K6 1    1.0  1.0  1.0   0.0  0.33333  -0.33333

 kpoint  L : 0.5 0.0 0.5  : 1 4
-L2 1    1.0  -1.0
-L3 1    1.0  1.0

 kpoint  M : 0.5 0.0 0.0  : 1 4
-M2 1    1.0  -1.0
-M3 1    1.0  1.0
