SG=85
 name=P4/n 
 nsym= 8
 spinor=False
symmetries=
1 0 0   0 1 0   0 0 1     0.0 0.0 0.0
-1 0 0   0 -1 0   0 0 1     0.5 0.5 0.0
0 -1 0   1 0 0   0 0 1     0.5 0.0 0.0
0 1 0   -1 0 0   0 0 1     0.0 0.5 0.0
-1 0 0   0 -1 0   0 0 -1     0.0 0.0 0.0
1 0 0   0 1 0   0 0 -1     0.5 0.5 0.0
0 1 0   -1 0 0   0 0 -1     0.5 0.0 0.0
0 -1 0   1 0 0   0 0 -1     0.0 0.5 0.0


 kpoint  A : 0.5 0.5 0.5  : 1 2 3 4 5 6 7 8
A1 2    2.0  -2.0  0.0  0.0  0.0  0.0  0.0  0.0
A2 2    2.0  2.0  0.0  0.0  0.0  0.0  0.0  0.0

 kpoint  GM : 0.0 0.0 0.0  : 1 2 3 4 5 6 7 8
GM1+ 1    1.0  1.0  1.0  1.0  1.0  1.0  1.0  1.0
GM1- 1    1.0  1.0  1.0  1.0  -1.0  -1.0  -1.0  -1.0
GM2+ 1    1.0  1.0  -1.0  -1.0  1.0  1.0  -1.0  -1.0
GM2- 1    1.0  1.0  -1.0  -1.0  -1.0  -1.0  1.0  1.0
GM3+ 1    1.0  1.0  1.0  1.0  1.0  1.0  1.0  1.0   0.0  1.0  0.5  -0.5  0.0  1.0  0.5  -0.5
GM3- 1    1.0  1.0  1.0  1.0  1.0  1.0  1.0  1.0   0.0  1.0  0.5  -0.5  1.0  0.0  -0.5  0.5
GM4+ 1    1.0  1.0  1.0  1.0  1.0  1.0  1.0  1.0   0.0  1.0  -0.5  0.5  0.0  1.0  -0.5  0.5
GM4- 1    1.0  1.0  1.0  1.0  1.0  1.0  1.0  1.0   0.0  1.0  -0.5  0.5  1.0  0.0  0.5  -0.5

 kpoint  M : 0.5 0.5 0.0  : 1 2 3 4 5 6 7 8
M1 2    2.0  -2.0  0.0  0.0  0.0  0.0  0.0  0.0
M2 2    2.0  2.0  0.0  0.0  0.0  0.0  0.0  0.0

 kpoint  Z : 0.0 0.0 0.5  : 1 2 3 4 5 6 7 8
Z1+ 1    1.0  1.0  1.0  1.0  1.0  1.0  1.0  1.0
Z1- 1    1.0  1.0  1.0  1.0  -1.0  -1.0  -1.0  -1.0
Z2+ 1    1.0  1.0  -1.0  -1.0  1.0  1.0  -1.0  -1.0
Z2- 1    1.0  1.0  -1.0  -1.0  -1.0  -1.0  1.0  1.0
Z3+ 1    1.0  1.0  1.0  1.0  1.0  1.0  1.0  1.0   0.0  1.0  0.5  -0.5  0.0  1.0  0.5  -0.5
Z3- 1    1.0  1.0  1.0  1.0  1.0  1.0  1.0  1.0   0.0  1.0  0.5  -0.5  1.0  0.0  -0.5  0.5
Z4+ 1    1.0  1.0  1.0  1.0  1.0  1.0  1.0  1.0   0.0  1.0  -0.5  0.5  0.0  1.0  -0.5  0.5
Z4- 1    1.0  1.0  1.0  1.0  1.0  1.0  1.0  1.0   0.0  1.0  -0.5  0.5  1.0  0.0  0.5  -0.5

 kpoint  R : 0.0 0.5 0.5  : 1 2 5 6
R1 2    2.0  0.0  0.0  0.0

 kpoint  X : 0.0 0.5 0.0  : 1 2 5 6
X1 2    2.0  0.0  0.0  0.0
