SG=202
 name=Fm-3 
 nsym= 24
 spinor=True
symmetries=
1 0 0   0 1 0   0 0 1     0.0 0.0 0.0      1.0  0.0  0.0  1.0    0.0  0.0  0.0  0.0
-1 0 0   0 -1 0   0 0 1     0.0 0.0 0.0      1.0  0.0  0.0  1.0    -0.5  0.0  0.0  0.5
-1 0 0   0 1 0   0 0 -1     0.0 0.0 0.0      0.0  1.0  1.0  0.0    0.0  1.0  0.0  0.0
1 0 0   0 -1 0   0 0 -1     0.0 0.0 0.0      0.0  1.0  1.0  0.0    0.0  -0.5  -0.5  0.0
0 0 1   1 0 0   0 1 0     0.0 0.0 0.0      0.70711  0.70711  0.70711  0.70711    -0.25  -0.75  -0.25  0.25
0 0 1   -1 0 0   0 -1 0     0.0 0.0 0.0      0.70711  0.70711  0.70711  0.70711    0.25  0.75  0.25  -0.25
0 0 -1   -1 0 0   0 1 0     0.0 0.0 0.0      0.70711  0.70711  0.70711  0.70711    0.25  -0.25  -0.75  -0.25
0 0 -1   1 0 0   0 -1 0     0.0 0.0 0.0      0.70711  0.70711  0.70711  0.70711    -0.25  0.25  0.75  0.25
0 1 0   0 0 1   1 0 0     0.0 0.0 0.0      0.70711  0.70711  0.70711  0.70711    0.25  0.25  0.75  -0.25
0 -1 0   0 0 1   -1 0 0     0.0 0.0 0.0      0.70711  0.70711  0.70711  0.70711    -0.25  0.75  0.25  0.25
0 1 0   0 0 -1   -1 0 0     0.0 0.0 0.0      0.70711  0.70711  0.70711  0.70711    0.25  -0.75  -0.25  -0.25
0 -1 0   0 0 -1   1 0 0     0.0 0.0 0.0      0.70711  0.70711  0.70711  0.70711    -0.25  -0.25  -0.75  0.25
-1 0 0   0 -1 0   0 0 -1     0.0 0.0 0.0      1.0  0.0  0.0  1.0    0.0  0.0  0.0  0.0
1 0 0   0 1 0   0 0 -1     0.0 0.0 0.0      1.0  0.0  0.0  1.0    -0.5  0.0  0.0  0.5
1 0 0   0 -1 0   0 0 1     0.0 0.0 0.0      0.0  1.0  1.0  0.0    0.0  1.0  0.0  0.0
-1 0 0   0 1 0   0 0 1     0.0 0.0 0.0      0.0  1.0  1.0  0.0    0.0  -0.5  -0.5  0.0
0 0 -1   -1 0 0   0 -1 0     0.0 0.0 0.0      0.70711  0.70711  0.70711  0.70711    -0.25  -0.75  -0.25  0.25
0 0 -1   1 0 0   0 1 0     0.0 0.0 0.0      0.70711  0.70711  0.70711  0.70711    0.25  0.75  0.25  -0.25
0 0 1   1 0 0   0 -1 0     0.0 0.0 0.0      0.70711  0.70711  0.70711  0.70711    0.25  -0.25  -0.75  -0.25
0 0 1   -1 0 0   0 1 0     0.0 0.0 0.0      0.70711  0.70711  0.70711  0.70711    -0.25  0.25  0.75  0.25
0 -1 0   0 0 -1   -1 0 0     0.0 0.0 0.0      0.70711  0.70711  0.70711  0.70711    0.25  0.25  0.75  -0.25
0 1 0   0 0 -1   1 0 0     0.0 0.0 0.0      0.70711  0.70711  0.70711  0.70711    -0.25  0.75  0.25  0.25
0 -1 0   0 0 1   1 0 0     0.0 0.0 0.0      0.70711  0.70711  0.70711  0.70711    0.25  -0.75  -0.25  -0.25
0 1 0   0 0 1   -1 0 0     0.0 0.0 0.0      0.70711  0.70711  0.70711  0.70711    -0.25  -0.25  -0.75  0.25


 kpoint  GM : 0.0 0.0 0.0  : 1 2 3 4 5 6 7 8 9 10 11 12 13 14 15 16 17 18 19 20 21 22 23 24
-GM5 2    2.0  0.0  0.0  0.0  1.0  1.0  1.0  1.0  1.0  1.0  1.0  1.0  2.0  0.0  0.0  0.0  1.0  1.0  1.0  1.0  1.0  1.0  1.0  1.0
-GM6 2    2.0  0.0  0.0  0.0  1.0  1.0  1.0  1.0  1.0  1.0  1.0  1.0  2.0  0.0  0.0  0.0  1.0  1.0  1.0  1.0  1.0  1.0  1.0  1.0   0.0  0.0  0.0  0.0  0.66667  0.66667  0.66667  0.66667  -0.66667  -0.66667  -0.66667  -0.66667  0.0  0.0  0.0  0.0  0.66667  0.66667  0.66667  0.66667  -0.66667  -0.66667  -0.66667  -0.66667
-GM7 2    2.0  0.0  0.0  0.0  1.0  1.0  1.0  1.0  1.0  1.0  1.0  1.0  2.0  0.0  0.0  0.0  1.0  1.0  1.0  1.0  1.0  1.0  1.0  1.0   0.0  0.0  0.0  0.0  -0.66667  -0.66667  -0.66667  -0.66667  0.66667  0.66667  0.66667  0.66667  0.0  0.0  0.0  0.0  -0.66667  -0.66667  -0.66667  -0.66667  0.66667  0.66667  0.66667  0.66667
-GM8 2    2.0  0.0  0.0  0.0  1.0  1.0  1.0  1.0  1.0  1.0  1.0  1.0  -2.0  0.0  0.0  0.0  -1.0  -1.0  -1.0  -1.0  -1.0  -1.0  -1.0  -1.0
-GM9 2    2.0  0.0  0.0  0.0  1.0  1.0  1.0  1.0  1.0  1.0  1.0  1.0  2.0  0.0  0.0  0.0  1.0  1.0  1.0  1.0  1.0  1.0  1.0  1.0   0.0  0.0  0.0  0.0  0.66667  0.66667  0.66667  0.66667  -0.66667  -0.66667  -0.66667  -0.66667  1.0  0.0  0.0  0.0  -0.33333  -0.33333  -0.33333  -0.33333  0.33333  0.33333  0.33333  0.33333
-GM10 2    2.0  0.0  0.0  0.0  1.0  1.0  1.0  1.0  1.0  1.0  1.0  1.0  2.0  0.0  0.0  0.0  1.0  1.0  1.0  1.0  1.0  1.0  1.0  1.0   0.0  0.0  0.0  0.0  -0.66667  -0.66667  -0.66667  -0.66667  0.66667  0.66667  0.66667  0.66667  1.0  0.0  0.0  0.0  0.33333  0.33333  0.33333  0.33333  -0.33333  -0.33333  -0.33333  -0.33333

 kpoint  X : 0.0 1.0 0.0  : 1 2 3 4 13 14 15 16
-X5 2    2.0  0.0  0.0  0.0  2.0  0.0  0.0  0.0
-X6 2    2.0  0.0  0.0  0.0  -2.0  0.0  0.0  0.0

 kpoint  L : 0.5 0.5 0.5  : 1 5 9 13 17 21
-L4 1    1.0  -1.0  -1.0  1.0  -1.0  -1.0
-L5 1    1.0  1.0  1.0  1.0  1.0  1.0   0.0  -0.33333  0.33333  0.0  -0.33333  0.33333
-L6 1    1.0  1.0  1.0  1.0  1.0  1.0   0.0  0.33333  -0.33333  0.0  0.33333  -0.33333
-L7 1    1.0  -1.0  -1.0  -1.0  1.0  1.0
-L8 1    1.0  1.0  1.0  1.0  1.0  1.0   0.0  -0.33333  0.33333  1.0  0.66667  -0.66667
-L9 1    1.0  1.0  1.0  1.0  1.0  1.0   0.0  0.33333  -0.33333  1.0  -0.66667  0.66667

 kpoint  W : 0.5 1.0 0.0  : 1 4 14 15
-W5 2    2.0  0.0  0.0  0.0
