Warning: transformation to the convenctional unit cell will not be calculated, nor its validity checked (if given). See the description of flag -searchcell on:
irrep --help
Warning: -kpnames not specified. Only traces of symmetry operations will be calculated. Remember that -kpnames must be specified to identify irreps
axis 1:
[0. 0. 1.]
dir 1:
[0.         0.         0.14275265]
vec:
[1 0 0]
vec orthog:
[1. 0. 0.]
dir1: [0.         0.         0.14275265], cart: [0. 0. 1.]
dir2: [1. 0. 0.], cart: [ 6.32246221 -3.65027526  0.        ]
dir3: [0. 1. 0.], cart: [0.         7.30055052 0.        ]
M in cartesian:
[[ 0.       6.32246  0.     ]
 [ 0.      -3.65028  7.30055]
 [ 1.       0.       0.     ]]
det:
46.15743535300001
M prest:
[[1 0 0]
 [0 1 0]
 [0 0 1]]
M:
[[1. 0. 0.]
 [0. 1. 0.]
 [0. 0. 1.]]
## ISYM: 0
[[1 0 0]
 [0 1 0]
 [0 0 1]]
[[1 0 0]
 [0 1 0]
 [0 0 1]]
[0. 0. 0.]
[0. 0. 0.]
## ISYM: 1
[[-1  0  0]
 [-1  1  0]
 [ 0  0 -1]]
[[-1  0  0]
 [-1  1  0]
 [ 0  0 -1]]
[0.         0.         0.33333333]
[0.         0.         0.33333333]
## ISYM: 2
[[ 1  0  0]
 [ 1 -1  0]
 [ 0  0 -1]]
[[ 1  0  0]
 [ 1 -1  0]
 [ 0  0 -1]]
[0.         0.         0.83333333]
[0.         0.         0.83333333]
## ISYM: 3
[[-1  0  0]
 [ 0 -1  0]
 [ 0  0  1]]
[[-1  0  0]
 [ 0 -1  0]
 [ 0  0  1]]
[0.  0.  0.5]
[0.  0.  0.5]
## ISYM: 4
[[ 0  1  0]
 [-1  1  0]
 [ 0  0  1]]
[[ 0  1  0]
 [-1  1  0]
 [ 0  0  1]]
[0.         0.         0.16666667]
[0.         0.         0.16666667]
## ISYM: 5
[[-1  1  0]
 [-1  0  0]
 [ 0  0  1]]
[[-1  1  0]
 [-1  0  0]
 [ 0  0  1]]
[0.         0.         0.33333333]
[0.         0.         0.33333333]
## ISYM: 6
[[ 0 -1  0]
 [ 1 -1  0]
 [ 0  0  1]]
[[ 0 -1  0]
 [ 1 -1  0]
 [ 0  0  1]]
[0.         0.         0.66666667]
[0.         0.         0.66666667]
## ISYM: 7
[[ 1 -1  0]
 [ 1  0  0]
 [ 0  0  1]]
[[ 1 -1  0]
 [ 1  0  0]
 [ 0  0  1]]
[0.         0.         0.83333333]
[0.         0.         0.83333333]
## ISYM: 8
[[ 0  1  0]
 [ 1  0  0]
 [ 0  0 -1]]
[[ 0  1  0]
 [ 1  0  0]
 [ 0  0 -1]]
[0.         0.         0.66666667]
[0.         0.         0.66666667]
## ISYM: 9
[[-1  1  0]
 [ 0  1  0]
 [ 0  0 -1]]
[[-1  1  0]
 [ 0  1  0]
 [ 0  0 -1]]
[0.  0.  0.5]
[0.  0.  0.5]
## ISYM: 10
[[ 0 -1  0]
 [-1  0  0]
 [ 0  0 -1]]
[[ 0 -1  0]
 [-1  0  0]
 [ 0  0 -1]]
[0.         0.         0.16666667]
[0.         0.         0.16666667]
## ISYM: 11
[[ 1 -1  0]
 [ 0 -1  0]
 [ 0  0 -1]]
[[ 1 -1  0]
 [ 0 -1  0]
 [ 0  0 -1]]
[0. 0. 0.]
[0. 0. 0.]
centering: [[1. 0. 0.]
 [0. 1. 0.]
 [0. 0. 1.]]
---------------
S:
[[1. 0. 0.]
 [0. 1. 0.]
 [0. 0. 1.]]
P:
[[1. 0. 0.]
 [0. 1. 0.]
 [0. 0. 1.]]

## ISYM: 0
[[1 0 0]
 [0 1 0]
 [0 0 1]]
[[1 0 0]
 [0 1 0]
 [0 0 1]]
[0. 0. 0.]
[0. 0. 0.]
## ISYM: 1
[[-1  0  0]
 [-1  1  0]
 [ 0  0 -1]]
[[-1  0  0]
 [-1  1  0]
 [ 0  0 -1]]
[0.         0.         0.33333333]
[0.         0.         0.33333333]
## ISYM: 2
[[ 1  0  0]
 [ 1 -1  0]
 [ 0  0 -1]]
[[ 1  0  0]
 [ 1 -1  0]
 [ 0  0 -1]]
[0.         0.         0.83333333]
[0.         0.         0.83333333]
## ISYM: 3
[[-1  0  0]
 [ 0 -1  0]
 [ 0  0  1]]
[[-1  0  0]
 [ 0 -1  0]
 [ 0  0  1]]
[0.  0.  0.5]
[0.  0.  0.5]
## ISYM: 4
[[ 0  1  0]
 [-1  1  0]
 [ 0  0  1]]
[[ 0  1  0]
 [-1  1  0]
 [ 0  0  1]]
[0.         0.         0.16666667]
[0.         0.         0.16666667]
## ISYM: 5
[[-1  1  0]
 [-1  0  0]
 [ 0  0  1]]
[[-1  1  0]
 [-1  0  0]
 [ 0  0  1]]
[0.         0.         0.33333333]
[0.         0.         0.33333333]
## ISYM: 6
[[ 0 -1  0]
 [ 1 -1  0]
 [ 0  0  1]]
[[ 0 -1  0]
 [ 1 -1  0]
 [ 0  0  1]]
[0.         0.         0.66666667]
[0.         0.         0.66666667]
## ISYM: 7
[[ 1 -1  0]
 [ 1  0  0]
 [ 0  0  1]]
[[ 1 -1  0]
 [ 1  0  0]
 [ 0  0  1]]
[0.         0.         0.83333333]
[0.         0.         0.83333333]
## ISYM: 8
[[ 0  1  0]
 [ 1  0  0]
 [ 0  0 -1]]
[[ 0  1  0]
 [ 1  0  0]
 [ 0  0 -1]]
[0.         0.         0.66666667]
[0.         0.         0.66666667]
## ISYM: 9
[[-1  1  0]
 [ 0  1  0]
 [ 0  0 -1]]
[[-1  1  0]
 [ 0  1  0]
 [ 0  0 -1]]
[0.  0.  0.5]
[0.  0.  0.5]
## ISYM: 10
[[ 0 -1  0]
 [-1  0  0]
 [ 0  0 -1]]
[[ 0 -1  0]
 [-1  0  0]
 [ 0  0 -1]]
[0.         0.         0.16666667]
[0.         0.         0.16666667]
## ISYM: 11
[[ 1 -1  0]
 [ 0 -1  0]
 [ 0  0 -1]]
[[ 1 -1  0]
 [ 0 -1  0]
 [ 0  0 -1]]
[0. 0. 0.]
[0. 0. 0.]
differences
[0.         0.         0.83333333]
[0.   0.   0.83]
[0.         0.         0.66666667]
[0.   0.   0.67]
diff_t=[ 0.          0.          0.00333333  0.          0.         -0.00333333]
diff_t%1=[0.         0.         0.00333333 0.         0.         0.99666667]
[ 0.          0.         -0.49666667  0.          0.          0.49666667]
[0.         0.         0.00333333 0.         0.         0.99666667]
