SG=32
 name=Pba2 
 nsym= 4
 spinor=False
symmetries=
1 0 0   0 1 0   0 0 1     0.0 0.0 0.0
-1 0 0   0 -1 0   0 0 1     0.0 0.0 0.0
1 0 0   0 -1 0   0 0 1     0.5 0.5 0.0
-1 0 0   0 1 0   0 0 1     0.5 0.5 0.0


 kpoint  GM : 0.0 0.0 0.0  : 1 2 3 4
GM1 1    1.0  1.0  1.0  1.0
GM2 1    1.0  1.0  -1.0  -1.0
GM3 1    1.0  -1.0  -1.0  1.0
GM4 1    1.0  -1.0  1.0  -1.0

 kpoint  R : 0.5 0.5 0.5  : 1 2 3 4
R1 1    1.0  1.0  1.0  1.0   0.0  0.0  0.5  0.5
R2 1    1.0  1.0  1.0  1.0   0.0  0.0  -0.5  -0.5
R3 1    1.0  1.0  1.0  1.0   0.0  1.0  -0.5  0.5
R4 1    1.0  1.0  1.0  1.0   0.0  1.0  0.5  -0.5

 kpoint  S : 0.5 0.5 0.0  : 1 2 3 4
S1 1    1.0  1.0  1.0  1.0   0.0  0.0  0.5  0.5
S2 1    1.0  1.0  1.0  1.0   0.0  0.0  -0.5  -0.5
S3 1    1.0  1.0  1.0  1.0   0.0  1.0  -0.5  0.5
S4 1    1.0  1.0  1.0  1.0   0.0  1.0  0.5  -0.5

 kpoint  T : 0.0 0.5 0.5  : 1 2 3 4
T1 2    2.0  0.0  0.0  0.0

 kpoint  U : 0.5 0.0 0.5  : 1 2 3 4
U1 2    2.0  0.0  0.0  0.0

 kpoint  X : 0.5 0.0 0.0  : 1 2 3 4
X1 2    2.0  0.0  0.0  0.0

 kpoint  Y : 0.0 0.5 0.0  : 1 2 3 4
Y1 2    2.0  0.0  0.0  0.0

 kpoint  Z : 0.0 0.0 0.5  : 1 2 3 4
Z1 1    1.0  1.0  1.0  1.0
Z2 1    1.0  1.0  -1.0  -1.0
Z3 1    1.0  -1.0  -1.0  1.0
Z4 1    1.0  -1.0  1.0  -1.0
