SG=199
 name=I213 
 nsym= 12
 spinor=False
symmetries=
1 0 0   0 1 0   0 0 1     0.0 0.0 0.0
-1 0 0   0 -1 0   0 0 1     0.0 0.5 0.0
-1 0 0   0 1 0   0 0 -1     0.5 0.0 0.0
1 0 0   0 -1 0   0 0 -1     0.0 0.0 0.5
0 0 1   1 0 0   0 1 0     0.0 0.0 0.0
0 0 1   -1 0 0   0 -1 0     0.0 0.0 0.5
0 0 -1   -1 0 0   0 1 0     0.0 0.5 0.0
0 0 -1   1 0 0   0 -1 0     0.5 0.0 0.0
0 1 0   0 0 1   1 0 0     0.0 0.0 0.0
0 -1 0   0 0 1   -1 0 0     0.5 0.0 0.0
0 1 0   0 0 -1   -1 0 0     0.0 0.0 0.5
0 -1 0   0 0 -1   1 0 0     0.0 0.5 0.0


 kpoint  GM : 0.0 0.0 0.0  : 1 2 3 4 5 6 7 8 9 10 11 12
GM1 1    1.0  1.0  1.0  1.0  1.0  1.0  1.0  1.0  1.0  1.0  1.0  1.0
GM2 1    1.0  1.0  1.0  1.0  1.0  1.0  1.0  1.0  1.0  1.0  1.0  1.0   0.0  0.0  0.0  0.0  0.66667  0.66667  0.66667  0.66667  -0.66667  -0.66667  -0.66667  -0.66667
GM3 1    1.0  1.0  1.0  1.0  1.0  1.0  1.0  1.0  1.0  1.0  1.0  1.0   0.0  0.0  0.0  0.0  -0.66667  -0.66667  -0.66667  -0.66667  0.66667  0.66667  0.66667  0.66667
GM4 3    3.0  -1.0  -1.0  -1.0  0.0  0.0  0.0  0.0  0.0  0.0  0.0  0.0

 kpoint  H : 1.0 1.0 1.0  : 1 2 3 4 5 6 7 8 9 10 11 12
H1 1    1.0  -1.0  -1.0  -1.0  1.0  -1.0  -1.0  -1.0  1.0  -1.0  -1.0  -1.0
H2 1    1.0  1.0  1.0  1.0  1.0  1.0  1.0  1.0  1.0  1.0  1.0  1.0   0.0  1.0  1.0  1.0  0.66667  -0.33333  -0.33333  -0.33333  -0.66667  0.33333  0.33333  0.33333
H3 1    1.0  1.0  1.0  1.0  1.0  1.0  1.0  1.0  1.0  1.0  1.0  1.0   0.0  1.0  1.0  1.0  -0.66667  0.33333  0.33333  0.33333  0.66667  -0.33333  -0.33333  -0.33333
H4 3    3.0  1.0  1.0  1.0  0.0  0.0  0.0  0.0  0.0  0.0  0.0  0.0

 kpoint  P : 0.5 0.5 0.5  : 1 2 3 4 5 6 7 8 9 10 11 12
P1 2    2.0  0.0  0.0  0.0  1.0  1.0  1.0  1.0  1.0  1.0  1.0  1.0   0.0  0.5  0.0  0.0  0.33333  -0.16667  -0.16667  -0.16667  -0.33333  0.16667  0.16667  0.16667
P2 2    2.0  0.0  0.0  0.0  1.0  1.0  1.0  1.0  1.0  1.0  1.0  1.0   0.0  0.5  0.0  0.0  1.0  0.5  0.5  0.5  1.0  -0.5  -0.5  -0.5
P3 2    2.0  0.0  0.0  0.0  1.0  1.0  1.0  1.0  1.0  1.0  1.0  1.0   0.0  0.5  0.0  0.0  -0.33333  -0.83333  -0.83333  -0.83333  0.33333  0.83333  0.83333  0.83333

 kpoint  N : 0.5 0.5 0.0  : 1 2
N1 1    1.0  1.0
N2 1    1.0  -1.0
