SG=173
 name=P63 
 nsym= 6
 spinor=False
symmetries=
1 0 0   0 1 0   0 0 1     0.0 0.0 0.0
0 -1 0   1 -1 0   0 0 1     0.0 0.0 0.0
-1 1 0   -1 0 0   0 0 1     0.0 0.0 0.0
-1 0 0   0 -1 0   0 0 1     0.0 0.0 0.5
0 1 0   -1 1 0   0 0 1     0.0 0.0 0.5
1 -1 0   1 0 0   0 0 1     0.0 0.0 0.5


 kpoint  A : 0.0 0.0 0.5  : 1 2 3 4 5 6
A1 1    1.0  1.0  1.0  1.0  1.0  1.0   0.0  0.0  0.0  0.5  0.5  0.5
A2 1    1.0  1.0  1.0  1.0  1.0  1.0   0.0  0.0  0.0  -0.5  -0.5  -0.5
A3 1    1.0  1.0  1.0  1.0  1.0  1.0   0.0  0.66667  -0.66667  0.5  -0.83333  -0.16667
A4 1    1.0  1.0  1.0  1.0  1.0  1.0   0.0  0.66667  -0.66667  -0.5  0.16667  0.83333
A5 1    1.0  1.0  1.0  1.0  1.0  1.0   0.0  -0.66667  0.66667  0.5  -0.16667  -0.83333
A6 1    1.0  1.0  1.0  1.0  1.0  1.0   0.0  -0.66667  0.66667  -0.5  0.83333  0.16667

 kpoint  GM : 0.0 0.0 0.0  : 1 2 3 4 5 6
GM1 1    1.0  1.0  1.0  1.0  1.0  1.0
GM2 1    1.0  1.0  1.0  -1.0  -1.0  -1.0
GM3 1    1.0  1.0  1.0  1.0  1.0  1.0   0.0  0.66667  -0.66667  0.0  0.66667  -0.66667
GM4 1    1.0  1.0  1.0  1.0  1.0  1.0   0.0  0.66667  -0.66667  1.0  -0.33333  0.33333
GM5 1    1.0  1.0  1.0  1.0  1.0  1.0   0.0  -0.66667  0.66667  0.0  -0.66667  0.66667
GM6 1    1.0  1.0  1.0  1.0  1.0  1.0   0.0  -0.66667  0.66667  1.0  0.33333  -0.33333

 kpoint  H : 0.333333 0.333333 0.5  : 1 2 3
H1 1    1.0  1.0  1.0
H2 1    1.0  1.0  1.0   0.0  0.66667  -0.66667
H3 1    1.0  1.0  1.0   0.0  -0.66667  0.66667

 kpoint  K : 0.333333 0.333333 0.0  : 1 2 3
K1 1    1.0  1.0  1.0
K2 1    1.0  1.0  1.0   0.0  0.66667  -0.66667
K3 1    1.0  1.0  1.0   0.0  -0.66667  0.66667

 kpoint  L : 0.5 0.0 0.5  : 1 4
L1 1    1.0  1.0   0.0  0.5
L2 1    1.0  1.0   0.0  -0.5

 kpoint  M : 0.5 0.0 0.0  : 1 4
M1 1    1.0  1.0
M2 1    1.0  -1.0
