SG=219
 name=F-43c 
 nsym= 24
 spinor=False
symmetries=
1 0 0   0 1 0   0 0 1     0.0 0.0 0.0
-1 0 0   0 -1 0   0 0 1     0.0 0.0 0.0
-1 0 0   0 1 0   0 0 -1     0.0 0.0 0.0
1 0 0   0 -1 0   0 0 -1     0.0 0.0 0.0
0 0 1   1 0 0   0 1 0     0.0 0.0 0.0
0 0 1   -1 0 0   0 -1 0     0.0 0.0 0.0
0 0 -1   -1 0 0   0 1 0     0.0 0.0 0.0
0 0 -1   1 0 0   0 -1 0     0.0 0.0 0.0
0 1 0   0 0 1   1 0 0     0.0 0.0 0.0
0 -1 0   0 0 1   -1 0 0     0.0 0.0 0.0
0 1 0   0 0 -1   -1 0 0     0.0 0.0 0.0
0 -1 0   0 0 -1   1 0 0     0.0 0.0 0.0
0 1 0   1 0 0   0 0 1     0.5 0.5 0.5
0 -1 0   -1 0 0   0 0 1     0.5 0.5 0.5
0 1 0   -1 0 0   0 0 -1     0.5 0.5 0.5
0 -1 0   1 0 0   0 0 -1     0.5 0.5 0.5
1 0 0   0 0 1   0 1 0     0.5 0.5 0.5
-1 0 0   0 0 1   0 -1 0     0.5 0.5 0.5
-1 0 0   0 0 -1   0 1 0     0.5 0.5 0.5
1 0 0   0 0 -1   0 -1 0     0.5 0.5 0.5
0 0 1   0 1 0   1 0 0     0.5 0.5 0.5
0 0 1   0 -1 0   -1 0 0     0.5 0.5 0.5
0 0 -1   0 1 0   -1 0 0     0.5 0.5 0.5
0 0 -1   0 -1 0   1 0 0     0.5 0.5 0.5


 kpoint  GM : 0.0 0.0 0.0  : 1 2 3 4 5 6 7 8 9 10 11 12 13 14 15 16 17 18 19 20 21 22 23 24
GM1 1    1.0  1.0  1.0  1.0  1.0  1.0  1.0  1.0  1.0  1.0  1.0  1.0  1.0  1.0  1.0  1.0  1.0  1.0  1.0  1.0  1.0  1.0  1.0  1.0
GM2 1    1.0  1.0  1.0  1.0  1.0  1.0  1.0  1.0  1.0  1.0  1.0  1.0  -1.0  -1.0  -1.0  -1.0  -1.0  -1.0  -1.0  -1.0  -1.0  -1.0  -1.0  -1.0
GM3 2    2.0  2.0  2.0  2.0  -1.0  -1.0  -1.0  -1.0  -1.0  -1.0  -1.0  -1.0  0.0  0.0  0.0  0.0  0.0  0.0  0.0  0.0  0.0  0.0  0.0  0.0
GM4 3    3.0  -1.0  -1.0  -1.0  0.0  0.0  0.0  0.0  0.0  0.0  0.0  0.0  1.0  1.0  -1.0  -1.0  1.0  -1.0  -1.0  1.0  1.0  -1.0  1.0  -1.0
GM5 3    3.0  -1.0  -1.0  -1.0  0.0  0.0  0.0  0.0  0.0  0.0  0.0  0.0  -1.0  -1.0  1.0  1.0  -1.0  1.0  1.0  -1.0  -1.0  1.0  -1.0  1.0

 kpoint  X : 0.0 1.0 0.0  : 1 2 3 4 21 22 23 24
X1 1    1.0  1.0  1.0  1.0  1.0  1.0  1.0  1.0
X2 1    1.0  1.0  1.0  1.0  -1.0  -1.0  -1.0  -1.0
X3 1    1.0  -1.0  1.0  -1.0  1.0  -1.0  1.0  -1.0
X4 1    1.0  -1.0  1.0  -1.0  -1.0  1.0  -1.0  1.0
X5 2    2.0  0.0  -2.0  0.0  0.0  0.0  0.0  0.0

 kpoint  L : 0.5 0.5 0.5  : 1 5 9 13 17 21
L1 1    1.0  1.0  1.0  1.0  1.0  1.0   0.0  0.0  0.0  0.5  0.5  0.5
L2 1    1.0  1.0  1.0  1.0  1.0  1.0   0.0  0.0  0.0  -0.5  -0.5  -0.5
L3 2    2.0  -1.0  -1.0  0.0  0.0  0.0

 kpoint  W : 0.5 1.0 0.0  : 1 4 18 19
W1 1    1.0  1.0  1.0  1.0
W2 1    1.0  1.0  -1.0  -1.0
W3 1    1.0  1.0  1.0  1.0   0.0  1.0  -0.5  0.5
W4 1    1.0  1.0  1.0  1.0   0.0  1.0  0.5  -0.5
