SG=145
 name=P32 
 nsym= 3
 spinor=True
symmetries=
1 0 0   0 1 0   0 0 1     0.0 0.0 0.0      1.0  0.0  0.0  1.0    0.0  0.0  0.0  0.0
0 -1 0   1 -1 0   0 0 1     0.0 0.0 0.66667      1.0  0.0  0.0  1.0    0.33333  0.0  0.0  -0.33333
-1 1 0   -1 0 0   0 0 1     0.0 0.0 0.33333      1.0  0.0  0.0  1.0    -0.33333  0.0  0.0  0.33333


 kpoint  A : 0.0 0.0 0.5  : 1 2 3
-A4 1    1.0  1.0  1.0   0.0  -0.33333  -0.66667
-A5 1    1.0  1.0  1.0   0.0  0.33333  0.66667
-A6 1    1.0  -1.0  1.0

 kpoint  GM : 0.0 0.0 0.0  : 1 2 3
-GM4 1    1.0  -1.0  -1.0
-GM5 1    1.0  1.0  1.0   0.0  -0.33333  0.33333
-GM6 1    1.0  1.0  1.0   0.0  0.33333  -0.33333

 kpoint  H : 0.333333 0.333333 0.5  : 1 2 3
-H4 1    1.0  -1.0  1.0
-H5 1    1.0  1.0  1.0   0.0  -0.33333  -0.66667
-H6 1    1.0  1.0  1.0   0.0  0.33333  0.66667

 kpoint  K : 0.333333 0.333333 0.0  : 1 2 3
-K4 1    1.0  -1.0  -1.0
-K5 1    1.0  1.0  1.0   0.0  -0.33333  0.33333
-K6 1    1.0  1.0  1.0   0.0  0.33333  -0.33333

 kpoint  L : 0.5 0.0 0.5  : 1
-L2 1    1.0

 kpoint  M : 0.5 0.0 0.0  : 1
-M2 1    1.0
