SG=213
 name=P4132 
 nsym= 24
 spinor=False
symmetries=
1 0 0   0 1 0   0 0 1     0.0 0.0 0.0
-1 0 0   0 -1 0   0 0 1     0.5 0.0 0.5
-1 0 0   0 1 0   0 0 -1     0.0 0.5 0.5
1 0 0   0 -1 0   0 0 -1     0.5 0.5 0.0
0 0 1   1 0 0   0 1 0     0.0 0.0 0.0
0 0 1   -1 0 0   0 -1 0     0.5 0.5 0.0
0 0 -1   -1 0 0   0 1 0     0.5 0.0 0.5
0 0 -1   1 0 0   0 -1 0     0.0 0.5 0.5
0 1 0   0 0 1   1 0 0     0.0 0.0 0.0
0 -1 0   0 0 1   -1 0 0     0.0 0.5 0.5
0 1 0   0 0 -1   -1 0 0     0.5 0.5 0.0
0 -1 0   0 0 -1   1 0 0     0.5 0.0 0.5
0 1 0   1 0 0   0 0 -1     0.75 0.25 0.25
0 -1 0   -1 0 0   0 0 -1     0.75 0.75 0.75
0 1 0   -1 0 0   0 0 1     0.25 0.25 0.75
0 -1 0   1 0 0   0 0 1     0.25 0.75 0.25
1 0 0   0 0 1   0 -1 0     0.75 0.25 0.25
-1 0 0   0 0 1   0 1 0     0.25 0.75 0.25
-1 0 0   0 0 -1   0 -1 0     0.75 0.75 0.75
1 0 0   0 0 -1   0 1 0     0.25 0.25 0.75
0 0 1   0 1 0   -1 0 0     0.75 0.25 0.25
0 0 1   0 -1 0   1 0 0     0.25 0.25 0.75
0 0 -1   0 1 0   1 0 0     0.25 0.75 0.25
0 0 -1   0 -1 0   -1 0 0     0.75 0.75 0.75


 kpoint  GM : 0.0 0.0 0.0  : 1 2 3 4 5 6 7 8 9 10 11 12 13 14 15 16 17 18 19 20 21 22 23 24
GM1 1    1.0  1.0  1.0  1.0  1.0  1.0  1.0  1.0  1.0  1.0  1.0  1.0  1.0  1.0  1.0  1.0  1.0  1.0  1.0  1.0  1.0  1.0  1.0  1.0
GM2 1    1.0  1.0  1.0  1.0  1.0  1.0  1.0  1.0  1.0  1.0  1.0  1.0  -1.0  -1.0  -1.0  -1.0  -1.0  -1.0  -1.0  -1.0  -1.0  -1.0  -1.0  -1.0
GM3 2    2.0  2.0  2.0  2.0  -1.0  -1.0  -1.0  -1.0  -1.0  -1.0  -1.0  -1.0  0.0  0.0  0.0  0.0  0.0  0.0  0.0  0.0  0.0  0.0  0.0  0.0
GM4 3    3.0  -1.0  -1.0  -1.0  0.0  0.0  0.0  0.0  0.0  0.0  0.0  0.0  -1.0  -1.0  1.0  1.0  1.0  -1.0  -1.0  1.0  1.0  -1.0  1.0  -1.0
GM5 3    3.0  -1.0  -1.0  -1.0  0.0  0.0  0.0  0.0  0.0  0.0  0.0  0.0  1.0  1.0  -1.0  -1.0  -1.0  1.0  1.0  -1.0  -1.0  1.0  -1.0  1.0

 kpoint  R : 0.5 0.5 0.5  : 1 2 3 4 5 6 7 8 9 10 11 12 13 14 15 16 17 18 19 20 21 22 23 24
R1 2    2.0  0.0  0.0  0.0  1.0  1.0  1.0  1.0  1.0  1.0  1.0  1.0  0.0  0.0  1.41421  1.41421  1.41421  0.0  0.0  1.41421  1.41421  0.0  1.41421  0.0   0.0  0.0  0.0  0.0  1.0  1.0  1.0  1.0  1.0  0.0  0.0  0.0  0.0  0.0  -0.5  0.5  -0.5  0.5  0.5  0.5  0.5  0.5  -0.5  0.5
R2 2    2.0  0.0  0.0  0.0  1.0  1.0  1.0  1.0  1.0  1.0  1.0  1.0  0.0  0.0  1.41421  1.41421  1.41421  0.0  0.0  1.41421  1.41421  0.0  1.41421  0.0   0.0  0.0  0.0  0.0  1.0  1.0  1.0  1.0  1.0  0.0  0.0  0.0  0.0  0.0  0.5  -0.5  0.5  0.5  0.5  -0.5  -0.5  0.5  0.5  0.5
R3 4    4.0  0.0  0.0  0.0  1.0  1.0  1.0  1.0  1.0  -1.0  -1.0  -1.0  0.0  0.0  0.0  0.0  0.0  0.0  0.0  0.0  0.0  0.0  0.0  0.0

 kpoint  M : 0.5 0.5 0.0  : 1 2 3 4 13 14 15 16
M1 1    1.0  1.0  1.0  1.0  1.0  1.0  1.0  1.0   0.0  1.0  0.5  0.5  1.0  0.0  0.5  0.5
M2 1    1.0  1.0  1.0  1.0  1.0  1.0  1.0  1.0   0.0  1.0  0.5  0.5  0.0  1.0  -0.5  -0.5
M3 1    1.0  1.0  1.0  1.0  1.0  1.0  1.0  1.0   0.0  1.0  -0.5  -0.5  0.0  1.0  0.5  0.5
M4 1    1.0  1.0  1.0  1.0  1.0  1.0  1.0  1.0   0.0  1.0  -0.5  -0.5  1.0  0.0  -0.5  -0.5
M5 2    2.0  2.0  0.0  0.0  0.0  0.0  0.0  0.0

 kpoint  X : 0.0 0.5 0.0  : 1 2 3 4 21 22 23 24
X1 2    2.0  0.0  0.0  0.0  1.41421  0.0  -1.41421  0.0
X2 2    2.0  0.0  0.0  0.0  -1.41421  0.0  1.41421  0.0
