SG=140
 name=I4/mcm 
 nsym= 16
 spinor=True
symmetries=
1 0 0   0 1 0   0 0 1     0.0 0.0 0.0      1.0  0.0  0.0  1.0    0.0  0.0  0.0  0.0
-1 0 0   0 -1 0   0 0 1     0.0 0.0 0.0      1.0  0.0  0.0  1.0    -0.5  0.0  0.0  0.5
0 -1 0   1 0 0   0 0 1     0.0 0.0 0.0      1.0  0.0  0.0  1.0    -0.25  0.0  0.0  0.25
0 1 0   -1 0 0   0 0 1     0.0 0.0 0.0      1.0  0.0  0.0  1.0    0.25  0.0  0.0  -0.25
-1 0 0   0 1 0   0 0 -1     0.0 0.0 0.5      0.0  1.0  1.0  0.0    0.0  1.0  0.0  0.0
1 0 0   0 -1 0   0 0 -1     0.0 0.0 0.5      0.0  1.0  1.0  0.0    0.0  -0.5  -0.5  0.0
0 1 0   1 0 0   0 0 -1     0.0 0.0 0.5      0.0  1.0  1.0  0.0    0.0  -0.75  -0.25  0.0
0 -1 0   -1 0 0   0 0 -1     0.0 0.0 0.5      0.0  1.0  1.0  0.0    0.0  0.75  0.25  0.0
-1 0 0   0 -1 0   0 0 -1     0.0 0.0 0.0      1.0  0.0  0.0  1.0    0.0  0.0  0.0  0.0
1 0 0   0 1 0   0 0 -1     0.0 0.0 0.0      1.0  0.0  0.0  1.0    -0.5  0.0  0.0  0.5
0 1 0   -1 0 0   0 0 -1     0.0 0.0 0.0      1.0  0.0  0.0  1.0    -0.25  0.0  0.0  0.25
0 -1 0   1 0 0   0 0 -1     0.0 0.0 0.0      1.0  0.0  0.0  1.0    0.25  0.0  0.0  -0.25
1 0 0   0 -1 0   0 0 1     0.0 0.0 0.5      0.0  1.0  1.0  0.0    0.0  1.0  0.0  0.0
-1 0 0   0 1 0   0 0 1     0.0 0.0 0.5      0.0  1.0  1.0  0.0    0.0  -0.5  -0.5  0.0
0 -1 0   -1 0 0   0 0 1     0.0 0.0 0.5      0.0  1.0  1.0  0.0    0.0  -0.75  -0.25  0.0
0 1 0   1 0 0   0 0 1     0.0 0.0 0.5      0.0  1.0  1.0  0.0    0.0  0.75  0.25  0.0


 kpoint  GM : 0.0 0.0 0.0  : 1 2 3 4 5 6 7 8 9 10 11 12 13 14 15 16
-GM6 2    2.0  0.0  -1.41421  -1.41421  0.0  0.0  0.0  0.0  2.0  0.0  -1.41421  -1.41421  0.0  0.0  0.0  0.0
-GM7 2    2.0  0.0  1.41421  1.41421  0.0  0.0  0.0  0.0  2.0  0.0  1.41421  1.41421  0.0  0.0  0.0  0.0
-GM8 2    2.0  0.0  -1.41421  -1.41421  0.0  0.0  0.0  0.0  -2.0  0.0  1.41421  1.41421  0.0  0.0  0.0  0.0
-GM9 2    2.0  0.0  1.41421  1.41421  0.0  0.0  0.0  0.0  -2.0  0.0  -1.41421  -1.41421  0.0  0.0  0.0  0.0

 kpoint  M : 1.0 1.0 1.0  : 1 2 3 4 5 6 7 8 9 10 11 12 13 14 15 16
-M6 2    2.0  0.0  -1.41421  -1.41421  0.0  0.0  0.0  0.0  2.0  0.0  -1.41421  -1.41421  0.0  0.0  0.0  0.0
-M7 2    2.0  0.0  1.41421  1.41421  0.0  0.0  0.0  0.0  2.0  0.0  1.41421  1.41421  0.0  0.0  0.0  0.0
-M8 2    2.0  0.0  -1.41421  -1.41421  0.0  0.0  0.0  0.0  -2.0  0.0  1.41421  1.41421  0.0  0.0  0.0  0.0
-M9 2    2.0  0.0  1.41421  1.41421  0.0  0.0  0.0  0.0  -2.0  0.0  -1.41421  -1.41421  0.0  0.0  0.0  0.0

 kpoint  P : 0.5 0.5 0.5  : 1 2 5 6 11 12 15 16
-P6 2    2.0  0.0  0.0  0.0  1.41421  1.41421  0.0  0.0   0.0  0.0  0.0  0.0  -0.5  0.5  0.0  0.0
-P7 2    2.0  0.0  0.0  0.0  1.41421  1.41421  0.0  0.0   0.0  0.0  0.0  0.0  0.5  -0.5  0.0  0.0

 kpoint  X : 0.5 0.5 0.0  : 1 2 7 8 9 10 15 16
-X5 2    2.0  0.0  0.0  0.0  2.0  0.0  0.0  0.0
-X6 2    2.0  0.0  0.0  0.0  -2.0  0.0  0.0  0.0

 kpoint  N : 0.5 0.0 0.5  : 1 5 9 13
-N2 2    2.0  0.0  0.0  0.0
