SG=176
 name=P63/m 
 nsym= 12
 spinor=False
symmetries=
1 0 0   0 1 0   0 0 1     0.0 0.0 0.0
0 -1 0   1 -1 0   0 0 1     0.0 0.0 0.0
-1 1 0   -1 0 0   0 0 1     0.0 0.0 0.0
-1 0 0   0 -1 0   0 0 1     0.0 0.0 0.5
0 1 0   -1 1 0   0 0 1     0.0 0.0 0.5
1 -1 0   1 0 0   0 0 1     0.0 0.0 0.5
-1 0 0   0 -1 0   0 0 -1     0.0 0.0 0.0
0 1 0   -1 1 0   0 0 -1     0.0 0.0 0.0
1 -1 0   1 0 0   0 0 -1     0.0 0.0 0.0
1 0 0   0 1 0   0 0 -1     0.0 0.0 0.5
0 -1 0   1 -1 0   0 0 -1     0.0 0.0 0.5
-1 1 0   -1 0 0   0 0 -1     0.0 0.0 0.5


 kpoint  A : 0.0 0.0 0.5  : 1 2 3 4 5 6 7 8 9 10 11 12
A1 2    2.0  2.0  2.0  0.0  0.0  0.0  0.0  0.0  0.0  0.0  0.0  0.0
A2 2    2.0  2.0  2.0  0.0  0.0  0.0  0.0  0.0  0.0  0.0  0.0  0.0   0.0  0.66667  -0.66667  0.0  0.0  0.0  0.5  0.16667  -0.16667  0.0  0.0  0.0
A3 2    2.0  2.0  2.0  0.0  0.0  0.0  0.0  0.0  0.0  0.0  0.0  0.0   0.0  -0.66667  0.66667  0.0  0.0  0.0  0.5  -0.16667  0.16667  0.0  0.0  0.0

 kpoint  GM : 0.0 0.0 0.0  : 1 2 3 4 5 6 7 8 9 10 11 12
GM1+ 1    1.0  1.0  1.0  1.0  1.0  1.0  1.0  1.0  1.0  1.0  1.0  1.0
GM1- 1    1.0  1.0  1.0  1.0  1.0  1.0  -1.0  -1.0  -1.0  -1.0  -1.0  -1.0
GM2+ 1    1.0  1.0  1.0  -1.0  -1.0  -1.0  1.0  1.0  1.0  -1.0  -1.0  -1.0
GM2- 1    1.0  1.0  1.0  -1.0  -1.0  -1.0  -1.0  -1.0  -1.0  1.0  1.0  1.0
GM3+ 1    1.0  1.0  1.0  1.0  1.0  1.0  1.0  1.0  1.0  1.0  1.0  1.0   0.0  0.66667  -0.66667  0.0  0.66667  -0.66667  0.0  0.66667  -0.66667  0.0  0.66667  -0.66667
GM3- 1    1.0  1.0  1.0  1.0  1.0  1.0  1.0  1.0  1.0  1.0  1.0  1.0   0.0  0.66667  -0.66667  0.0  0.66667  -0.66667  1.0  -0.33333  0.33333  1.0  -0.33333  0.33333
GM4+ 1    1.0  1.0  1.0  1.0  1.0  1.0  1.0  1.0  1.0  1.0  1.0  1.0   0.0  0.66667  -0.66667  1.0  -0.33333  0.33333  0.0  0.66667  -0.66667  1.0  -0.33333  0.33333
GM4- 1    1.0  1.0  1.0  1.0  1.0  1.0  1.0  1.0  1.0  1.0  1.0  1.0   0.0  0.66667  -0.66667  1.0  -0.33333  0.33333  1.0  -0.33333  0.33333  0.0  0.66667  -0.66667
GM5+ 1    1.0  1.0  1.0  1.0  1.0  1.0  1.0  1.0  1.0  1.0  1.0  1.0   0.0  -0.66667  0.66667  0.0  -0.66667  0.66667  0.0  -0.66667  0.66667  0.0  -0.66667  0.66667
GM5- 1    1.0  1.0  1.0  1.0  1.0  1.0  1.0  1.0  1.0  1.0  1.0  1.0   0.0  -0.66667  0.66667  0.0  -0.66667  0.66667  1.0  0.33333  -0.33333  1.0  0.33333  -0.33333
GM6+ 1    1.0  1.0  1.0  1.0  1.0  1.0  1.0  1.0  1.0  1.0  1.0  1.0   0.0  -0.66667  0.66667  1.0  0.33333  -0.33333  0.0  -0.66667  0.66667  1.0  0.33333  -0.33333
GM6- 1    1.0  1.0  1.0  1.0  1.0  1.0  1.0  1.0  1.0  1.0  1.0  1.0   0.0  -0.66667  0.66667  1.0  0.33333  -0.33333  1.0  0.33333  -0.33333  0.0  -0.66667  0.66667

 kpoint  H : 0.333333 0.333333 0.5  : 1 2 3 10 11 12
H1 1    1.0  1.0  1.0  1.0  1.0  1.0
H2 1    1.0  1.0  1.0  -1.0  -1.0  -1.0
H3 1    1.0  1.0  1.0  1.0  1.0  1.0   0.0  0.66667  -0.66667  0.0  0.66667  -0.66667
H4 1    1.0  1.0  1.0  1.0  1.0  1.0   0.0  0.66667  -0.66667  1.0  -0.33333  0.33333
H5 1    1.0  1.0  1.0  1.0  1.0  1.0   0.0  -0.66667  0.66667  0.0  -0.66667  0.66667
H6 1    1.0  1.0  1.0  1.0  1.0  1.0   0.0  -0.66667  0.66667  1.0  0.33333  -0.33333

 kpoint  K : 0.333333 0.333333 0.0  : 1 2 3 10 11 12
K1 1    1.0  1.0  1.0  1.0  1.0  1.0
K2 1    1.0  1.0  1.0  -1.0  -1.0  -1.0
K3 1    1.0  1.0  1.0  1.0  1.0  1.0   0.0  0.66667  -0.66667  0.0  0.66667  -0.66667
K4 1    1.0  1.0  1.0  1.0  1.0  1.0   0.0  0.66667  -0.66667  1.0  -0.33333  0.33333
K5 1    1.0  1.0  1.0  1.0  1.0  1.0   0.0  -0.66667  0.66667  0.0  -0.66667  0.66667
K6 1    1.0  1.0  1.0  1.0  1.0  1.0   0.0  -0.66667  0.66667  1.0  0.33333  -0.33333

 kpoint  L : 0.5 0.0 0.5  : 1 4 7 10
L1 2    2.0  0.0  0.0  0.0

 kpoint  M : 0.5 0.0 0.0  : 1 4 7 10
M1+ 1    1.0  1.0  1.0  1.0
M1- 1    1.0  1.0  -1.0  -1.0
M2+ 1    1.0  -1.0  1.0  -1.0
M2- 1    1.0  -1.0  -1.0  1.0
