SG=88
 name=I41/a 
 nsym= 8
 spinor=False
symmetries=
1 0 0   0 1 0   0 0 1     0.0 0.0 0.0
-1 0 0   0 -1 0   0 0 1     0.0 0.5 0.0
0 -1 0   1 0 0   0 0 1     0.75 0.25 0.25
0 1 0   -1 0 0   0 0 1     0.25 0.25 0.25
-1 0 0   0 -1 0   0 0 -1     0.0 0.0 0.0
1 0 0   0 1 0   0 0 -1     0.0 0.5 0.0
0 1 0   -1 0 0   0 0 -1     0.75 0.25 0.25
0 -1 0   1 0 0   0 0 -1     0.25 0.25 0.25


 kpoint  GM : 0.0 0.0 0.0  : 1 2 3 4 5 6 7 8
GM1+ 1    1.0  1.0  1.0  1.0  1.0  1.0  1.0  1.0
GM1- 1    1.0  1.0  1.0  1.0  -1.0  -1.0  -1.0  -1.0
GM2+ 1    1.0  1.0  -1.0  -1.0  1.0  1.0  -1.0  -1.0
GM2- 1    1.0  1.0  -1.0  -1.0  -1.0  -1.0  1.0  1.0
GM3+ 1    1.0  1.0  1.0  1.0  1.0  1.0  1.0  1.0   0.0  1.0  0.5  -0.5  0.0  1.0  0.5  -0.5
GM3- 1    1.0  1.0  1.0  1.0  1.0  1.0  1.0  1.0   0.0  1.0  0.5  -0.5  1.0  0.0  -0.5  0.5
GM4+ 1    1.0  1.0  1.0  1.0  1.0  1.0  1.0  1.0   0.0  1.0  -0.5  0.5  0.0  1.0  -0.5  0.5
GM4- 1    1.0  1.0  1.0  1.0  1.0  1.0  1.0  1.0   0.0  1.0  -0.5  0.5  1.0  0.0  0.5  -0.5

 kpoint  M : 1.0 1.0 1.0  : 1 2 3 4 5 6 7 8
M1 2    2.0  2.0  0.0  0.0  0.0  0.0  0.0  0.0
M2 2    2.0  -2.0  0.0  0.0  0.0  0.0  0.0  0.0

 kpoint  P : 0.5 0.5 0.5  : 1 2 7 8
P1 1    1.0  1.0  1.0  1.0   0.0  1.0  -0.5  -0.5
P2 1    1.0  1.0  1.0  1.0   0.0  1.0  0.5  0.5
P3 1    1.0  1.0  1.0  -1.0
P4 1    1.0  1.0  -1.0  1.0

 kpoint  X : 0.5 0.5 0.0  : 1 2 5 6
X1 2    2.0  0.0  0.0  0.0

 kpoint  N : 0.5 0.0 0.5  : 1 5
N1+ 1    1.0  1.0
N1- 1    1.0  -1.0
