SG=161
 name=R3c 
 nsym= 6
 spinor=False
symmetries=
1 0 0   0 1 0   0 0 1     0.0 0.0 0.0
0 -1 0   1 -1 0   0 0 1     0.0 0.0 0.0
-1 1 0   -1 0 0   0 0 1     0.0 0.0 0.0
0 -1 0   -1 0 0   0 0 1     0.0 0.0 0.5
-1 1 0   0 1 0   0 0 1     0.0 0.0 0.5
1 0 0   1 -1 0   0 0 1     0.0 0.0 0.5


 kpoint  GM : 0.0 0.0 0.0  : 1 2 3 4 5 6
GM1 1    1.0  1.0  1.0  1.0  1.0  1.0
GM2 1    1.0  1.0  1.0  -1.0  -1.0  -1.0
GM3 2    2.0  -1.0  -1.0  0.0  0.0  0.0

 kpoint  T : 0.0 0.0 1.5  : 1 2 3 4 5 6
T1 1    1.0  1.0  1.0  1.0  1.0  1.0   0.0  0.0  0.0  -0.5  -0.5  -0.5
T2 1    1.0  1.0  1.0  1.0  1.0  1.0   0.0  0.0  0.0  0.5  0.5  0.5
T3 2    2.0  -1.0  -1.0  0.0  0.0  0.0

 kpoint  F : 0.0 0.5 1.0  : 1 5
F1 1    1.0  1.0
F2 1    1.0  -1.0

 kpoint  L : -0.5 0.5 0.5  : 1 4
L1 1    1.0  1.0   0.0  -0.5
L2 1    1.0  1.0   0.0  0.5
