SG=25
 name=Pmm2 
 nsym= 4
 spinor=True
symmetries=
1 0 0   0 1 0   0 0 1     0.0 0.0 0.0      1.0  0.0  0.0  1.0    0.0  0.0  0.0  0.0
-1 0 0   0 -1 0   0 0 1     0.0 0.0 0.0      1.0  0.0  0.0  1.0    -0.5  0.0  0.0  0.5
1 0 0   0 -1 0   0 0 1     0.0 0.0 0.0      0.0  1.0  1.0  0.0    0.0  1.0  0.0  0.0
-1 0 0   0 1 0   0 0 1     0.0 0.0 0.0      0.0  1.0  1.0  0.0    0.0  -0.5  -0.5  0.0


 kpoint  GM : 0.0 0.0 0.0  : 1 2 3 4
-GM5 2    2.0  0.0  0.0  0.0

 kpoint  R : 0.5 0.5 0.5  : 1 2 3 4
-R5 2    2.0  0.0  0.0  0.0

 kpoint  S : 0.5 0.5 0.0  : 1 2 3 4
-S5 2    2.0  0.0  0.0  0.0

 kpoint  T : 0.0 0.5 0.5  : 1 2 3 4
-T5 2    2.0  0.0  0.0  0.0

 kpoint  U : 0.5 0.0 0.5  : 1 2 3 4
-U5 2    2.0  0.0  0.0  0.0

 kpoint  X : 0.5 0.0 0.0  : 1 2 3 4
-X5 2    2.0  0.0  0.0  0.0

 kpoint  Y : 0.0 0.5 0.0  : 1 2 3 4
-Y5 2    2.0  0.0  0.0  0.0

 kpoint  Z : 0.0 0.0 0.5  : 1 2 3 4
-Z5 2    2.0  0.0  0.0  0.0
