SG=179
 name=P6522 
 nsym= 12
 spinor=True
symmetries=
1 0 0   0 1 0   0 0 1     0.0 0.0 0.0      1.0  0.0  0.0  1.0    0.0  0.0  0.0  0.0
0 -1 0   1 -1 0   0 0 1     0.0 0.0 0.66667      1.0  0.0  0.0  1.0    0.33333  0.0  0.0  -0.33333
-1 1 0   -1 0 0   0 0 1     0.0 0.0 0.33333      1.0  0.0  0.0  1.0    -0.33333  0.0  0.0  0.33333
-1 0 0   0 -1 0   0 0 1     0.0 0.0 0.5      1.0  0.0  0.0  1.0    -0.5  0.0  0.0  0.5
0 1 0   -1 1 0   0 0 1     0.0 0.0 0.16667      1.0  0.0  0.0  1.0    -0.16667  0.0  0.0  0.16667
1 -1 0   1 0 0   0 0 1     0.0 0.0 0.83333      1.0  0.0  0.0  1.0    0.16667  0.0  0.0  -0.16667
0 1 0   1 0 0   0 0 -1     0.0 0.0 0.66667      0.0  1.0  1.0  0.0    0.0  -0.66667  -0.33333  0.0
1 -1 0   0 -1 0   0 0 -1     0.0 0.0 0.0      0.0  1.0  1.0  0.0    0.0  1.0  0.0  0.0
-1 0 0   -1 1 0   0 0 -1     0.0 0.0 0.33333      0.0  1.0  1.0  0.0    0.0  0.66667  0.33333  0.0
0 -1 0   -1 0 0   0 0 -1     0.0 0.0 0.16667      0.0  1.0  1.0  0.0    0.0  0.83333  0.16667  0.0
-1 1 0   0 1 0   0 0 -1     0.0 0.0 0.5      0.0  1.0  1.0  0.0    0.0  -0.5  -0.5  0.0
1 0 0   1 -1 0   0 0 -1     0.0 0.0 0.83333      0.0  1.0  1.0  0.0    0.0  0.16667  0.83333  0.0


 kpoint  A : 0.0 0.0 0.5  : 1 2 3 4 5 6 7 8 9 10 11 12
-A4 1    1.0  1.0  1.0  1.0  1.0  1.0  1.0  1.0  1.0  1.0  1.0  1.0   0.0  1.0  0.0  0.0  0.0  1.0  -0.5  0.5  0.5  0.5  -0.5  0.5
-A5 1    1.0  1.0  1.0  1.0  1.0  1.0  1.0  1.0  1.0  1.0  1.0  1.0   0.0  1.0  0.0  0.0  0.0  1.0  0.5  -0.5  -0.5  -0.5  0.5  -0.5
-A6 1    1.0  1.0  1.0  1.0  1.0  1.0  1.0  1.0  1.0  1.0  1.0  1.0   0.0  1.0  0.0  1.0  1.0  0.0  -0.5  0.5  0.5  -0.5  0.5  -0.5
-A7 1    1.0  1.0  1.0  1.0  1.0  1.0  1.0  1.0  1.0  1.0  1.0  1.0   0.0  1.0  0.0  1.0  1.0  0.0  0.5  -0.5  -0.5  0.5  -0.5  0.5
-A8 2    2.0  1.0  -1.0  2.0  -1.0  1.0  0.0  0.0  0.0  0.0  0.0  0.0
-A9 2    2.0  1.0  -1.0  -2.0  1.0  -1.0  0.0  0.0  0.0  0.0  0.0  0.0

 kpoint  GM : 0.0 0.0 0.0  : 1 2 3 4 5 6 7 8 9 10 11 12
-GM7 2    2.0  -2.0  -2.0  0.0  0.0  0.0  0.0  0.0  0.0  0.0  0.0  0.0
-GM8 2    2.0  1.0  1.0  0.0  -1.73205  -1.73205  0.0  0.0  0.0  0.0  0.0  0.0
-GM9 2    2.0  1.0  1.0  0.0  1.73205  1.73205  0.0  0.0  0.0  0.0  0.0  0.0

 kpoint  H : 0.333333 0.333333 0.5  : 1 2 3 7 8 9
-H4 1    1.0  1.0  1.0  1.0  1.0  1.0   0.0  1.0  0.0  -0.5  0.5  0.5
-H5 1    1.0  1.0  1.0  1.0  1.0  1.0   0.0  1.0  0.0  0.5  -0.5  -0.5
-H6 2    2.0  1.0  -1.0  0.0  0.0  0.0

 kpoint  K : 0.333333 0.333333 0.0  : 1 2 3 7 8 9
-K4 1    1.0  1.0  1.0  1.0  1.0  1.0   0.0  1.0  1.0  -0.5  0.5  -0.5
-K5 1    1.0  1.0  1.0  1.0  1.0  1.0   0.0  1.0  1.0  0.5  -0.5  0.5
-K6 2    2.0  1.0  1.0  0.0  0.0  0.0

 kpoint  L : 0.5 0.0 0.5  : 1 4 9 12
-L2 1    1.0  1.0  1.0  1.0   0.0  0.0  -0.5  -0.5
-L3 1    1.0  1.0  1.0  1.0   0.0  1.0  0.5  -0.5
-L4 1    1.0  1.0  1.0  1.0   0.0  0.0  0.5  0.5
-L5 1    1.0  1.0  1.0  1.0   0.0  1.0  -0.5  0.5

 kpoint  M : 0.5 0.0 0.0  : 1 4 9 12
-M5 2    2.0  0.0  0.0  0.0
