SG=160
 name=R3m 
 nsym= 6
 spinor=True
symmetries=
1 0 0   0 1 0   0 0 1     0.0 0.0 0.0      1.0  0.0  0.0  1.0    0.0  0.0  0.0  0.0
0 -1 0   1 -1 0   0 0 1     0.0 0.0 0.0      1.0  0.0  0.0  1.0    0.33333  0.0  0.0  -0.33333
-1 1 0   -1 0 0   0 0 1     0.0 0.0 0.0      1.0  0.0  0.0  1.0    -0.33333  0.0  0.0  0.33333
0 -1 0   -1 0 0   0 0 1     0.0 0.0 0.0      0.0  1.0  1.0  0.0    0.0  -0.66667  -0.33333  0.0
-1 1 0   0 1 0   0 0 1     0.0 0.0 0.0      0.0  1.0  1.0  0.0    0.0  1.0  0.0  0.0
1 0 0   1 -1 0   0 0 1     0.0 0.0 0.0      0.0  1.0  1.0  0.0    0.0  0.66667  0.33333  0.0


 kpoint  GM : 0.0 0.0 0.0  : 1 2 3 4 5 6
-GM4 1    1.0  1.0  1.0  1.0  1.0  1.0   0.0  1.0  1.0  -0.5  0.5  -0.5
-GM5 1    1.0  1.0  1.0  1.0  1.0  1.0   0.0  1.0  1.0  0.5  -0.5  0.5
-GM6 2    2.0  1.0  1.0  0.0  0.0  0.0

 kpoint  T : 0.0 0.0 1.5  : 1 2 3 4 5 6
-T4 1    1.0  1.0  1.0  1.0  1.0  1.0   0.0  1.0  1.0  -0.5  0.5  -0.5
-T5 1    1.0  1.0  1.0  1.0  1.0  1.0   0.0  1.0  1.0  0.5  -0.5  0.5
-T6 2    2.0  1.0  1.0  0.0  0.0  0.0

 kpoint  F : 0.0 0.5 1.0  : 1 5
-F3 1    1.0  1.0   0.0  -0.5
-F4 1    1.0  1.0   0.0  0.5

 kpoint  L : -0.5 0.5 0.5  : 1 4
-L3 1    1.0  1.0   0.0  -0.5
-L4 1    1.0  1.0   0.0  0.5
