SG=204
 name=Im-3 
 nsym= 24
 spinor=False
symmetries=
1 0 0   0 1 0   0 0 1     0.0 0.0 0.0
-1 0 0   0 -1 0   0 0 1     0.0 0.0 0.0
-1 0 0   0 1 0   0 0 -1     0.0 0.0 0.0
1 0 0   0 -1 0   0 0 -1     0.0 0.0 0.0
0 0 1   1 0 0   0 1 0     0.0 0.0 0.0
0 0 1   -1 0 0   0 -1 0     0.0 0.0 0.0
0 0 -1   -1 0 0   0 1 0     0.0 0.0 0.0
0 0 -1   1 0 0   0 -1 0     0.0 0.0 0.0
0 1 0   0 0 1   1 0 0     0.0 0.0 0.0
0 -1 0   0 0 1   -1 0 0     0.0 0.0 0.0
0 1 0   0 0 -1   -1 0 0     0.0 0.0 0.0
0 -1 0   0 0 -1   1 0 0     0.0 0.0 0.0
-1 0 0   0 -1 0   0 0 -1     0.0 0.0 0.0
1 0 0   0 1 0   0 0 -1     0.0 0.0 0.0
1 0 0   0 -1 0   0 0 1     0.0 0.0 0.0
-1 0 0   0 1 0   0 0 1     0.0 0.0 0.0
0 0 -1   -1 0 0   0 -1 0     0.0 0.0 0.0
0 0 -1   1 0 0   0 1 0     0.0 0.0 0.0
0 0 1   1 0 0   0 -1 0     0.0 0.0 0.0
0 0 1   -1 0 0   0 1 0     0.0 0.0 0.0
0 -1 0   0 0 -1   -1 0 0     0.0 0.0 0.0
0 1 0   0 0 -1   1 0 0     0.0 0.0 0.0
0 -1 0   0 0 1   1 0 0     0.0 0.0 0.0
0 1 0   0 0 1   -1 0 0     0.0 0.0 0.0


 kpoint  GM : 0.0 0.0 0.0  : 1 2 3 4 5 6 7 8 9 10 11 12 13 14 15 16 17 18 19 20 21 22 23 24
GM1+ 1    1.0  1.0  1.0  1.0  1.0  1.0  1.0  1.0  1.0  1.0  1.0  1.0  1.0  1.0  1.0  1.0  1.0  1.0  1.0  1.0  1.0  1.0  1.0  1.0
GM1- 1    1.0  1.0  1.0  1.0  1.0  1.0  1.0  1.0  1.0  1.0  1.0  1.0  -1.0  -1.0  -1.0  -1.0  -1.0  -1.0  -1.0  -1.0  -1.0  -1.0  -1.0  -1.0
GM2+ 1    1.0  1.0  1.0  1.0  1.0  1.0  1.0  1.0  1.0  1.0  1.0  1.0  1.0  1.0  1.0  1.0  1.0  1.0  1.0  1.0  1.0  1.0  1.0  1.0   0.0  0.0  0.0  0.0  0.66667  0.66667  0.66667  0.66667  -0.66667  -0.66667  -0.66667  -0.66667  0.0  0.0  0.0  0.0  0.66667  0.66667  0.66667  0.66667  -0.66667  -0.66667  -0.66667  -0.66667
GM2- 1    1.0  1.0  1.0  1.0  1.0  1.0  1.0  1.0  1.0  1.0  1.0  1.0  1.0  1.0  1.0  1.0  1.0  1.0  1.0  1.0  1.0  1.0  1.0  1.0   0.0  0.0  0.0  0.0  0.66667  0.66667  0.66667  0.66667  -0.66667  -0.66667  -0.66667  -0.66667  1.0  1.0  1.0  1.0  -0.33333  -0.33333  -0.33333  -0.33333  0.33333  0.33333  0.33333  0.33333
GM3+ 1    1.0  1.0  1.0  1.0  1.0  1.0  1.0  1.0  1.0  1.0  1.0  1.0  1.0  1.0  1.0  1.0  1.0  1.0  1.0  1.0  1.0  1.0  1.0  1.0   0.0  0.0  0.0  0.0  -0.66667  -0.66667  -0.66667  -0.66667  0.66667  0.66667  0.66667  0.66667  0.0  0.0  0.0  0.0  -0.66667  -0.66667  -0.66667  -0.66667  0.66667  0.66667  0.66667  0.66667
GM3- 1    1.0  1.0  1.0  1.0  1.0  1.0  1.0  1.0  1.0  1.0  1.0  1.0  1.0  1.0  1.0  1.0  1.0  1.0  1.0  1.0  1.0  1.0  1.0  1.0   0.0  0.0  0.0  0.0  -0.66667  -0.66667  -0.66667  -0.66667  0.66667  0.66667  0.66667  0.66667  1.0  1.0  1.0  1.0  0.33333  0.33333  0.33333  0.33333  -0.33333  -0.33333  -0.33333  -0.33333
GM4+ 3    3.0  -1.0  -1.0  -1.0  0.0  0.0  0.0  0.0  0.0  0.0  0.0  0.0  3.0  -1.0  -1.0  -1.0  0.0  0.0  0.0  0.0  0.0  0.0  0.0  0.0
GM4- 3    3.0  -1.0  -1.0  -1.0  0.0  0.0  0.0  0.0  0.0  0.0  0.0  0.0  -3.0  1.0  1.0  1.0  0.0  0.0  0.0  0.0  0.0  0.0  0.0  0.0

 kpoint  H : 1.0 1.0 1.0  : 1 2 3 4 5 6 7 8 9 10 11 12 13 14 15 16 17 18 19 20 21 22 23 24
H1+ 1    1.0  1.0  1.0  1.0  1.0  1.0  1.0  1.0  1.0  1.0  1.0  1.0  1.0  1.0  1.0  1.0  1.0  1.0  1.0  1.0  1.0  1.0  1.0  1.0
H1- 1    1.0  1.0  1.0  1.0  1.0  1.0  1.0  1.0  1.0  1.0  1.0  1.0  -1.0  -1.0  -1.0  -1.0  -1.0  -1.0  -1.0  -1.0  -1.0  -1.0  -1.0  -1.0
H2+ 1    1.0  1.0  1.0  1.0  1.0  1.0  1.0  1.0  1.0  1.0  1.0  1.0  1.0  1.0  1.0  1.0  1.0  1.0  1.0  1.0  1.0  1.0  1.0  1.0   0.0  0.0  0.0  0.0  0.66667  0.66667  0.66667  0.66667  -0.66667  -0.66667  -0.66667  -0.66667  0.0  0.0  0.0  0.0  0.66667  0.66667  0.66667  0.66667  -0.66667  -0.66667  -0.66667  -0.66667
H2- 1    1.0  1.0  1.0  1.0  1.0  1.0  1.0  1.0  1.0  1.0  1.0  1.0  1.0  1.0  1.0  1.0  1.0  1.0  1.0  1.0  1.0  1.0  1.0  1.0   0.0  0.0  0.0  0.0  0.66667  0.66667  0.66667  0.66667  -0.66667  -0.66667  -0.66667  -0.66667  1.0  1.0  1.0  1.0  -0.33333  -0.33333  -0.33333  -0.33333  0.33333  0.33333  0.33333  0.33333
H3+ 1    1.0  1.0  1.0  1.0  1.0  1.0  1.0  1.0  1.0  1.0  1.0  1.0  1.0  1.0  1.0  1.0  1.0  1.0  1.0  1.0  1.0  1.0  1.0  1.0   0.0  0.0  0.0  0.0  -0.66667  -0.66667  -0.66667  -0.66667  0.66667  0.66667  0.66667  0.66667  0.0  0.0  0.0  0.0  -0.66667  -0.66667  -0.66667  -0.66667  0.66667  0.66667  0.66667  0.66667
H3- 1    1.0  1.0  1.0  1.0  1.0  1.0  1.0  1.0  1.0  1.0  1.0  1.0  1.0  1.0  1.0  1.0  1.0  1.0  1.0  1.0  1.0  1.0  1.0  1.0   0.0  0.0  0.0  0.0  -0.66667  -0.66667  -0.66667  -0.66667  0.66667  0.66667  0.66667  0.66667  1.0  1.0  1.0  1.0  0.33333  0.33333  0.33333  0.33333  -0.33333  -0.33333  -0.33333  -0.33333
H4+ 3    3.0  -1.0  -1.0  -1.0  0.0  0.0  0.0  0.0  0.0  0.0  0.0  0.0  3.0  -1.0  -1.0  -1.0  0.0  0.0  0.0  0.0  0.0  0.0  0.0  0.0
H4- 3    3.0  -1.0  -1.0  -1.0  0.0  0.0  0.0  0.0  0.0  0.0  0.0  0.0  -3.0  1.0  1.0  1.0  0.0  0.0  0.0  0.0  0.0  0.0  0.0  0.0

 kpoint  P : 0.5 0.5 0.5  : 1 2 3 4 5 6 7 8 9 10 11 12
P1 1    1.0  1.0  1.0  1.0  1.0  1.0  1.0  1.0  1.0  1.0  1.0  1.0
P2 1    1.0  1.0  1.0  1.0  1.0  1.0  1.0  1.0  1.0  1.0  1.0  1.0   0.0  0.0  0.0  0.0  0.66667  0.66667  0.66667  0.66667  -0.66667  -0.66667  -0.66667  -0.66667
P3 1    1.0  1.0  1.0  1.0  1.0  1.0  1.0  1.0  1.0  1.0  1.0  1.0   0.0  0.0  0.0  0.0  -0.66667  -0.66667  -0.66667  -0.66667  0.66667  0.66667  0.66667  0.66667
P4 3    3.0  -1.0  -1.0  -1.0  0.0  0.0  0.0  0.0  0.0  0.0  0.0  0.0

 kpoint  N : 0.5 0.5 0.0  : 1 2 13 14
N1+ 1    1.0  1.0  1.0  1.0
N1- 1    1.0  1.0  -1.0  -1.0
N2+ 1    1.0  -1.0  1.0  -1.0
N2- 1    1.0  -1.0  -1.0  1.0
