SG=83
 name=P4/m 
 nsym= 8
 spinor=False
symmetries=
1 0 0   0 1 0   0 0 1     0.0 0.0 0.0
-1 0 0   0 -1 0   0 0 1     0.0 0.0 0.0
0 -1 0   1 0 0   0 0 1     0.0 0.0 0.0
0 1 0   -1 0 0   0 0 1     0.0 0.0 0.0
-1 0 0   0 -1 0   0 0 -1     0.0 0.0 0.0
1 0 0   0 1 0   0 0 -1     0.0 0.0 0.0
0 1 0   -1 0 0   0 0 -1     0.0 0.0 0.0
0 -1 0   1 0 0   0 0 -1     0.0 0.0 0.0


 kpoint  A : 0.5 0.5 0.5  : 1 2 3 4 5 6 7 8
A1+ 1    1.0  1.0  1.0  1.0  1.0  1.0  1.0  1.0
A1- 1    1.0  1.0  1.0  1.0  -1.0  -1.0  -1.0  -1.0
A2+ 1    1.0  1.0  -1.0  -1.0  1.0  1.0  -1.0  -1.0
A2- 1    1.0  1.0  -1.0  -1.0  -1.0  -1.0  1.0  1.0
A3+ 1    1.0  1.0  1.0  1.0  1.0  1.0  1.0  1.0   0.0  1.0  0.5  -0.5  0.0  1.0  0.5  -0.5
A3- 1    1.0  1.0  1.0  1.0  1.0  1.0  1.0  1.0   0.0  1.0  0.5  -0.5  1.0  0.0  -0.5  0.5
A4+ 1    1.0  1.0  1.0  1.0  1.0  1.0  1.0  1.0   0.0  1.0  -0.5  0.5  0.0  1.0  -0.5  0.5
A4- 1    1.0  1.0  1.0  1.0  1.0  1.0  1.0  1.0   0.0  1.0  -0.5  0.5  1.0  0.0  0.5  -0.5

 kpoint  GM : 0.0 0.0 0.0  : 1 2 3 4 5 6 7 8
GM1+ 1    1.0  1.0  1.0  1.0  1.0  1.0  1.0  1.0
GM1- 1    1.0  1.0  1.0  1.0  -1.0  -1.0  -1.0  -1.0
GM2+ 1    1.0  1.0  -1.0  -1.0  1.0  1.0  -1.0  -1.0
GM2- 1    1.0  1.0  -1.0  -1.0  -1.0  -1.0  1.0  1.0
GM3+ 1    1.0  1.0  1.0  1.0  1.0  1.0  1.0  1.0   0.0  1.0  0.5  -0.5  0.0  1.0  0.5  -0.5
GM3- 1    1.0  1.0  1.0  1.0  1.0  1.0  1.0  1.0   0.0  1.0  0.5  -0.5  1.0  0.0  -0.5  0.5
GM4+ 1    1.0  1.0  1.0  1.0  1.0  1.0  1.0  1.0   0.0  1.0  -0.5  0.5  0.0  1.0  -0.5  0.5
GM4- 1    1.0  1.0  1.0  1.0  1.0  1.0  1.0  1.0   0.0  1.0  -0.5  0.5  1.0  0.0  0.5  -0.5

 kpoint  M : 0.5 0.5 0.0  : 1 2 3 4 5 6 7 8
M1+ 1    1.0  1.0  1.0  1.0  1.0  1.0  1.0  1.0
M1- 1    1.0  1.0  1.0  1.0  -1.0  -1.0  -1.0  -1.0
M2+ 1    1.0  1.0  -1.0  -1.0  1.0  1.0  -1.0  -1.0
M2- 1    1.0  1.0  -1.0  -1.0  -1.0  -1.0  1.0  1.0
M3+ 1    1.0  1.0  1.0  1.0  1.0  1.0  1.0  1.0   0.0  1.0  0.5  -0.5  0.0  1.0  0.5  -0.5
M3- 1    1.0  1.0  1.0  1.0  1.0  1.0  1.0  1.0   0.0  1.0  0.5  -0.5  1.0  0.0  -0.5  0.5
M4+ 1    1.0  1.0  1.0  1.0  1.0  1.0  1.0  1.0   0.0  1.0  -0.5  0.5  0.0  1.0  -0.5  0.5
M4- 1    1.0  1.0  1.0  1.0  1.0  1.0  1.0  1.0   0.0  1.0  -0.5  0.5  1.0  0.0  0.5  -0.5

 kpoint  Z : 0.0 0.0 0.5  : 1 2 3 4 5 6 7 8
Z1+ 1    1.0  1.0  1.0  1.0  1.0  1.0  1.0  1.0
Z1- 1    1.0  1.0  1.0  1.0  -1.0  -1.0  -1.0  -1.0
Z2+ 1    1.0  1.0  -1.0  -1.0  1.0  1.0  -1.0  -1.0
Z2- 1    1.0  1.0  -1.0  -1.0  -1.0  -1.0  1.0  1.0
Z3+ 1    1.0  1.0  1.0  1.0  1.0  1.0  1.0  1.0   0.0  1.0  0.5  -0.5  0.0  1.0  0.5  -0.5
Z3- 1    1.0  1.0  1.0  1.0  1.0  1.0  1.0  1.0   0.0  1.0  0.5  -0.5  1.0  0.0  -0.5  0.5
Z4+ 1    1.0  1.0  1.0  1.0  1.0  1.0  1.0  1.0   0.0  1.0  -0.5  0.5  0.0  1.0  -0.5  0.5
Z4- 1    1.0  1.0  1.0  1.0  1.0  1.0  1.0  1.0   0.0  1.0  -0.5  0.5  1.0  0.0  0.5  -0.5

 kpoint  R : 0.0 0.5 0.5  : 1 2 5 6
R1+ 1    1.0  1.0  1.0  1.0
R1- 1    1.0  1.0  -1.0  -1.0
R2+ 1    1.0  -1.0  1.0  -1.0
R2- 1    1.0  -1.0  -1.0  1.0

 kpoint  X : 0.0 0.5 0.0  : 1 2 5 6
X1+ 1    1.0  1.0  1.0  1.0
X1- 1    1.0  1.0  -1.0  -1.0
X2+ 1    1.0  -1.0  1.0  -1.0
X2- 1    1.0  -1.0  -1.0  1.0
