SG=71
 name=Immm 
 nsym= 8
 spinor=False
symmetries=
1 0 0   0 1 0   0 0 1     0.0 0.0 0.0
-1 0 0   0 -1 0   0 0 1     0.0 0.0 0.0
-1 0 0   0 1 0   0 0 -1     0.0 0.0 0.0
1 0 0   0 -1 0   0 0 -1     0.0 0.0 0.0
-1 0 0   0 -1 0   0 0 -1     0.0 0.0 0.0
1 0 0   0 1 0   0 0 -1     0.0 0.0 0.0
1 0 0   0 -1 0   0 0 1     0.0 0.0 0.0
-1 0 0   0 1 0   0 0 1     0.0 0.0 0.0


 kpoint  GM : 0.0 0.0 0.0  : 1 2 3 4 5 6 7 8
GM1+ 1    1.0  1.0  1.0  1.0  1.0  1.0  1.0  1.0
GM1- 1    1.0  1.0  1.0  1.0  -1.0  -1.0  -1.0  -1.0
GM2+ 1    1.0  1.0  -1.0  -1.0  1.0  1.0  -1.0  -1.0
GM2- 1    1.0  1.0  -1.0  -1.0  -1.0  -1.0  1.0  1.0
GM3+ 1    1.0  -1.0  -1.0  1.0  1.0  -1.0  -1.0  1.0
GM3- 1    1.0  -1.0  -1.0  1.0  -1.0  1.0  1.0  -1.0
GM4+ 1    1.0  -1.0  1.0  -1.0  1.0  -1.0  1.0  -1.0
GM4- 1    1.0  -1.0  1.0  -1.0  -1.0  1.0  -1.0  1.0

 kpoint  X : 1.0 1.0 1.0  : 1 2 3 4 5 6 7 8
X1+ 1    1.0  1.0  1.0  1.0  1.0  1.0  1.0  1.0
X1- 1    1.0  1.0  1.0  1.0  -1.0  -1.0  -1.0  -1.0
X2+ 1    1.0  1.0  -1.0  -1.0  1.0  1.0  -1.0  -1.0
X2- 1    1.0  1.0  -1.0  -1.0  -1.0  -1.0  1.0  1.0
X3+ 1    1.0  -1.0  -1.0  1.0  1.0  -1.0  -1.0  1.0
X3- 1    1.0  -1.0  -1.0  1.0  -1.0  1.0  1.0  -1.0
X4+ 1    1.0  -1.0  1.0  -1.0  1.0  -1.0  1.0  -1.0
X4- 1    1.0  -1.0  1.0  -1.0  -1.0  1.0  -1.0  1.0

 kpoint  R : 0.5 0.0 0.5  : 1 3 5 7
R1+ 1    1.0  1.0  1.0  1.0
R1- 1    1.0  1.0  -1.0  -1.0
R2+ 1    1.0  -1.0  1.0  -1.0
R2- 1    1.0  -1.0  -1.0  1.0

 kpoint  S : 0.0 0.5 0.5  : 1 4 5 8
S1+ 1    1.0  1.0  1.0  1.0
S1- 1    1.0  1.0  -1.0  -1.0
S2+ 1    1.0  -1.0  1.0  -1.0
S2- 1    1.0  -1.0  -1.0  1.0

 kpoint  T : 0.5 0.5 0.0  : 1 2 5 6
T1+ 1    1.0  1.0  1.0  1.0
T1- 1    1.0  1.0  -1.0  -1.0
T2+ 1    1.0  -1.0  1.0  -1.0
T2- 1    1.0  -1.0  -1.0  1.0

 kpoint  W : 0.5 0.5 0.5  : 1 2 3 4
W1 1    1.0  1.0  1.0  1.0
W2 1    1.0  1.0  -1.0  -1.0
W3 1    1.0  -1.0  -1.0  1.0
W4 1    1.0  -1.0  1.0  -1.0
