SG=196
 name=F23 
 nsym= 12
 spinor=False
symmetries=
1 0 0   0 1 0   0 0 1     0.0 0.0 0.0
-1 0 0   0 -1 0   0 0 1     0.0 0.0 0.0
-1 0 0   0 1 0   0 0 -1     0.0 0.0 0.0
1 0 0   0 -1 0   0 0 -1     0.0 0.0 0.0
0 0 1   1 0 0   0 1 0     0.0 0.0 0.0
0 0 1   -1 0 0   0 -1 0     0.0 0.0 0.0
0 0 -1   -1 0 0   0 1 0     0.0 0.0 0.0
0 0 -1   1 0 0   0 -1 0     0.0 0.0 0.0
0 1 0   0 0 1   1 0 0     0.0 0.0 0.0
0 -1 0   0 0 1   -1 0 0     0.0 0.0 0.0
0 1 0   0 0 -1   -1 0 0     0.0 0.0 0.0
0 -1 0   0 0 -1   1 0 0     0.0 0.0 0.0


 kpoint  GM : 0.0 0.0 0.0  : 1 2 3 4 5 6 7 8 9 10 11 12
GM1 1    1.0  1.0  1.0  1.0  1.0  1.0  1.0  1.0  1.0  1.0  1.0  1.0
GM2 1    1.0  1.0  1.0  1.0  1.0  1.0  1.0  1.0  1.0  1.0  1.0  1.0   0.0  0.0  0.0  0.0  0.66667  0.66667  0.66667  0.66667  -0.66667  -0.66667  -0.66667  -0.66667
GM3 1    1.0  1.0  1.0  1.0  1.0  1.0  1.0  1.0  1.0  1.0  1.0  1.0   0.0  0.0  0.0  0.0  -0.66667  -0.66667  -0.66667  -0.66667  0.66667  0.66667  0.66667  0.66667
GM4 3    3.0  -1.0  -1.0  -1.0  0.0  0.0  0.0  0.0  0.0  0.0  0.0  0.0

 kpoint  X : 0.0 1.0 0.0  : 1 2 3 4
X1 1    1.0  1.0  1.0  1.0
X2 1    1.0  1.0  -1.0  -1.0
X3 1    1.0  -1.0  -1.0  1.0
X4 1    1.0  -1.0  1.0  -1.0

 kpoint  L : 0.5 0.5 0.5  : 1 5 9
L1 1    1.0  1.0  1.0
L2 1    1.0  1.0  1.0   0.0  0.66667  -0.66667
L3 1    1.0  1.0  1.0   0.0  -0.66667  0.66667

 kpoint  W : 0.5 1.0 0.0  : 1 4
W1 1    1.0  1.0
W2 1    1.0  -1.0
