Warning: transformation to the convenctional unit cell will not be calculated, nor its validity checked (if given). See the description of flag -searchcell on:
irrep --help
Warning: -kpnames not specified. Only traces of symmetry operations will be calculated. Remember that -kpnames must be specified to identify irreps
M:
[[ 1. -1.  1.]
 [-1. -1.  1.]
 [ 0. -2.  0.]]
## ISYM: 0
[[1 0 0]
 [0 1 0]
 [0 0 1]]
[[1 0 0]
 [0 1 0]
 [0 0 1]]
[0. 0. 0.]
[0. 0. 0.]
## ISYM: 1
[[ 0  1 -1]
 [ 1  0 -1]
 [ 0  0 -1]]
[[-1  0  0]
 [ 0 -1  0]
 [ 0  0  1]]
[0. 0. 0.]
[0. 0. 0.]
## ISYM: 2
[[ 1  0 -1]
 [ 1  0  0]
 [ 1 -1  0]]
[[ 0  1  0]
 [-1  0  0]
 [ 0  0  1]]
[0. 0. 0.]
[0. 0. 0.]
## ISYM: 3
[[ 0  1  0]
 [ 0  1 -1]
 [-1  1  0]]
[[ 0 -1  0]
 [ 1  0  0]
 [ 0  0  1]]
[0. 0. 0.]
[0. 0. 0.]
## ISYM: 4
[[ 0  1 -1]
 [ 0  1  0]
 [-1  1  0]]
[[0 1 0]
 [1 0 0]
 [0 0 1]]
[5.00000000e-01 5.00000000e-01 3.67514603e-17]
[0.  1.  0.5]
## ISYM: 5
[[ 1  0  0]
 [ 1  0 -1]
 [ 1 -1  0]]
[[ 0 -1  0]
 [-1  0  0]
 [ 0  0  1]]
[5.00000000e-01 5.00000000e-01 3.67514603e-17]
[0.  1.  0.5]
## ISYM: 6
[[ 1  0 -1]
 [ 0  1 -1]
 [ 0  0 -1]]
[[ 1  0  0]
 [ 0 -1  0]
 [ 0  0  1]]
[5.00000000e-01 5.00000000e-01 3.67514603e-17]
[0.  1.  0.5]
## ISYM: 7
[[0 1 0]
 [1 0 0]
 [0 0 1]]
[[-1  0  0]
 [ 0  1  0]
 [ 0  0  1]]
[5.00000000e-01 5.00000000e-01 3.67514603e-17]
[0.  1.  0.5]
centering: [[1. 0. 0.]
 [0. 1. 0.]
 [0. 0. 1.]]
---------------
S:
[[1. 0. 0.]
 [0. 1. 0.]
 [0. 0. 1.]]
P:
[[ 1. -1.  1.]
 [-1. -1.  1.]
 [ 0. -2.  0.]]

## ISYM: 0
[[1 0 0]
 [0 1 0]
 [0 0 1]]
[[1 0 0]
 [0 1 0]
 [0 0 1]]
[0. 0. 0.]
[0. 0. 0.]
## ISYM: 1
[[ 0  1 -1]
 [ 1  0 -1]
 [ 0  0 -1]]
[[-1  0  0]
 [ 0 -1  0]
 [ 0  0  1]]
[0. 0. 0.]
[0. 0. 0.]
## ISYM: 2
[[ 1  0 -1]
 [ 1  0  0]
 [ 1 -1  0]]
[[ 0  1  0]
 [-1  0  0]
 [ 0  0  1]]
[0. 0. 0.]
[0. 0. 0.]
## ISYM: 3
[[ 0  1  0]
 [ 0  1 -1]
 [-1  1  0]]
[[ 0 -1  0]
 [ 1  0  0]
 [ 0  0  1]]
[0. 0. 0.]
[0. 0. 0.]
## ISYM: 4
[[ 0  1 -1]
 [ 0  1  0]
 [-1  1  0]]
[[0 1 0]
 [1 0 0]
 [0 0 1]]
[5.00000000e-01 5.00000000e-01 3.67514603e-17]
[0.  1.  0.5]
## ISYM: 5
[[ 1  0  0]
 [ 1  0 -1]
 [ 1 -1  0]]
[[ 0 -1  0]
 [-1  0  0]
 [ 0  0  1]]
[5.00000000e-01 5.00000000e-01 3.67514603e-17]
[0.  1.  0.5]
## ISYM: 6
[[ 1  0 -1]
 [ 0  1 -1]
 [ 0  0 -1]]
[[ 1  0  0]
 [ 0 -1  0]
 [ 0  0  1]]
[5.00000000e-01 5.00000000e-01 3.67514603e-17]
[0.  1.  0.5]
## ISYM: 7
[[0 1 0]
 [1 0 0]
 [0 0 1]]
[[-1  0  0]
 [ 0  1  0]
 [ 0  0  1]]
[5.00000000e-01 5.00000000e-01 3.67514603e-17]
[0.  1.  0.5]
---------------
S:
[[ 0  1  0]
 [ 1  0  0]
 [ 0  0 -1]]
P:
[[-1.  1. -1.]
 [-1. -1. -1.]
 [-2.  0.  0.]]

## ISYM: 0
[[1 0 0]
 [0 1 0]
 [0 0 1]]
[[1 0 0]
 [0 1 0]
 [0 0 1]]
[0. 0. 0.]
[0. 0. 0.]
## ISYM: 1
[[ 0  1 -1]
 [ 1  0 -1]
 [ 0  0 -1]]
[[-1  0  0]
 [ 0 -1  0]
 [ 0  0  1]]
[0. 0. 0.]
[0. 0. 0.]
## ISYM: 2
[[ 1  0 -1]
 [ 1  0  0]
 [ 1 -1  0]]
[[ 0 -1  0]
 [ 1  0  0]
 [ 0  0  1]]
[0. 0. 0.]
[0. 0. 0.]
## ISYM: 3
[[ 0  1  0]
 [ 0  1 -1]
 [-1  1  0]]
[[ 0  1  0]
 [-1  0  0]
 [ 0  0  1]]
[0. 0. 0.]
[0. 0. 0.]
## ISYM: 4
[[ 0  1 -1]
 [ 0  1  0]
 [-1  1  0]]
[[0 1 0]
 [1 0 0]
 [0 0 1]]
[5.00000000e-01 5.00000000e-01 3.67514603e-17]
[1.  0.  0.5]
## ISYM: 5
[[ 1  0  0]
 [ 1  0 -1]
 [ 1 -1  0]]
[[ 0 -1  0]
 [-1  0  0]
 [ 0  0  1]]
[5.00000000e-01 5.00000000e-01 3.67514603e-17]
[1.  0.  0.5]
## ISYM: 6
[[ 1  0 -1]
 [ 0  1 -1]
 [ 0  0 -1]]
[[-1  0  0]
 [ 0  1  0]
 [ 0  0  1]]
[5.00000000e-01 5.00000000e-01 3.67514603e-17]
[1.  0.  0.5]
## ISYM: 7
[[0 1 0]
 [1 0 0]
 [0 0 1]]
[[ 1  0  0]
 [ 0 -1  0]
 [ 0  0  1]]
[5.00000000e-01 5.00000000e-01 3.67514603e-17]
[1.  0.  0.5]
[0.  0.5 0.  0.5 0.  0. ]
[0. 0. 0. 1. 0. 0.]
