SG=148
 name=R-3 
 nsym= 6
 spinor=False
symmetries=
1 0 0   0 1 0   0 0 1     0.0 0.0 0.0
0 -1 0   1 -1 0   0 0 1     0.0 0.0 0.0
-1 1 0   -1 0 0   0 0 1     0.0 0.0 0.0
-1 0 0   0 -1 0   0 0 -1     0.0 0.0 0.0
0 1 0   -1 1 0   0 0 -1     0.0 0.0 0.0
1 -1 0   1 0 0   0 0 -1     0.0 0.0 0.0


 kpoint  GM : 0.0 0.0 0.0  : 1 2 3 4 5 6
GM1+ 1    1.0  1.0  1.0  1.0  1.0  1.0
GM1- 1    1.0  1.0  1.0  -1.0  -1.0  -1.0
GM2+ 1    1.0  1.0  1.0  1.0  1.0  1.0   0.0  0.66667  -0.66667  0.0  0.66667  -0.66667
GM2- 1    1.0  1.0  1.0  1.0  1.0  1.0   0.0  0.66667  -0.66667  1.0  -0.33333  0.33333
GM3+ 1    1.0  1.0  1.0  1.0  1.0  1.0   0.0  -0.66667  0.66667  0.0  -0.66667  0.66667
GM3- 1    1.0  1.0  1.0  1.0  1.0  1.0   0.0  -0.66667  0.66667  1.0  0.33333  -0.33333

 kpoint  T : 0.0 0.0 1.5  : 1 2 3 4 5 6
T1+ 1    1.0  1.0  1.0  1.0  1.0  1.0
T1- 1    1.0  1.0  1.0  -1.0  -1.0  -1.0
T2+ 1    1.0  1.0  1.0  1.0  1.0  1.0   0.0  0.66667  -0.66667  0.0  0.66667  -0.66667
T2- 1    1.0  1.0  1.0  1.0  1.0  1.0   0.0  0.66667  -0.66667  1.0  -0.33333  0.33333
T3+ 1    1.0  1.0  1.0  1.0  1.0  1.0   0.0  -0.66667  0.66667  0.0  -0.66667  0.66667
T3- 1    1.0  1.0  1.0  1.0  1.0  1.0   0.0  -0.66667  0.66667  1.0  0.33333  -0.33333

 kpoint  F : 0.0 0.5 1.0  : 1 4
F1+ 1    1.0  1.0
F1- 1    1.0  -1.0

 kpoint  L : -0.5 0.5 0.5  : 1 4
L1+ 1    1.0  1.0
L1- 1    1.0  -1.0
