SG=72
 name=Ibam 
 nsym= 8
 spinor=True
symmetries=
1 0 0   0 1 0   0 0 1     0.0 0.0 0.0      1.0  0.0  0.0  1.0    0.0  0.0  0.0  0.0
-1 0 0   0 -1 0   0 0 1     0.0 0.0 0.0      1.0  0.0  0.0  1.0    -0.5  0.0  0.0  0.5
-1 0 0   0 1 0   0 0 -1     0.0 0.0 0.5      0.0  1.0  1.0  0.0    0.0  1.0  0.0  0.0
1 0 0   0 -1 0   0 0 -1     0.0 0.0 0.5      0.0  1.0  1.0  0.0    0.0  -0.5  -0.5  0.0
-1 0 0   0 -1 0   0 0 -1     0.0 0.0 0.0      1.0  0.0  0.0  1.0    0.0  0.0  0.0  0.0
1 0 0   0 1 0   0 0 -1     0.0 0.0 0.0      1.0  0.0  0.0  1.0    -0.5  0.0  0.0  0.5
1 0 0   0 -1 0   0 0 1     0.0 0.0 0.5      0.0  1.0  1.0  0.0    0.0  1.0  0.0  0.0
-1 0 0   0 1 0   0 0 1     0.0 0.0 0.5      0.0  1.0  1.0  0.0    0.0  -0.5  -0.5  0.0


 kpoint  GM : 0.0 0.0 0.0  : 1 2 3 4 5 6 7 8
-GM5 2    2.0  0.0  0.0  0.0  2.0  0.0  0.0  0.0
-GM6 2    2.0  0.0  0.0  0.0  -2.0  0.0  0.0  0.0

 kpoint  X : 1.0 1.0 1.0  : 1 2 3 4 5 6 7 8
-X5 2    2.0  0.0  0.0  0.0  2.0  0.0  0.0  0.0
-X6 2    2.0  0.0  0.0  0.0  -2.0  0.0  0.0  0.0

 kpoint  R : 0.5 0.0 0.5  : 1 3 5 7
-R2 2    2.0  0.0  0.0  0.0

 kpoint  S : 0.0 0.5 0.5  : 1 4 5 8
-S2 2    2.0  0.0  0.0  0.0

 kpoint  T : 0.5 0.5 0.0  : 1 2 5 6
-T3 1    1.0  1.0  1.0  1.0   0.0  -0.5  0.0  -0.5
-T4 1    1.0  1.0  1.0  1.0   0.0  0.5  0.0  0.5
-T5 1    1.0  1.0  1.0  1.0   0.0  -0.5  1.0  0.5
-T6 1    1.0  1.0  1.0  1.0   0.0  0.5  1.0  -0.5

 kpoint  W : 0.5 0.5 0.5  : 1 2 3 4
-W5 2    2.0  0.0  0.0  0.0
