SG=143
 name=P3 
 nsym= 3
 spinor=False
symmetries=
1 0 0   0 1 0   0 0 1     0.0 0.0 0.0
0 -1 0   1 -1 0   0 0 1     0.0 0.0 0.0
-1 1 0   -1 0 0   0 0 1     0.0 0.0 0.0


 kpoint  A : 0.0 0.0 0.5  : 1 2 3
A1 1    1.0  1.0  1.0
A2 1    1.0  1.0  1.0   0.0  0.66667  -0.66667
A3 1    1.0  1.0  1.0   0.0  -0.66667  0.66667

 kpoint  GM : 0.0 0.0 0.0  : 1 2 3
GM1 1    1.0  1.0  1.0
GM2 1    1.0  1.0  1.0   0.0  0.66667  -0.66667
GM3 1    1.0  1.0  1.0   0.0  -0.66667  0.66667

 kpoint  H : 0.333333 0.333333 0.5  : 1 2 3
H1 1    1.0  1.0  1.0
H2 1    1.0  1.0  1.0   0.0  0.66667  -0.66667
H3 1    1.0  1.0  1.0   0.0  -0.66667  0.66667

 kpoint  K : 0.333333 0.333333 0.0  : 1 2 3
K1 1    1.0  1.0  1.0
K2 1    1.0  1.0  1.0   0.0  0.66667  -0.66667
K3 1    1.0  1.0  1.0   0.0  -0.66667  0.66667

 kpoint  L : 0.5 0.0 0.5  : 1
L1 1    1.0

 kpoint  M : 0.5 0.0 0.0  : 1
M1 1    1.0
