SG=186
 name=P63mc 
 nsym= 12
 spinor=False
symmetries=
1 0 0   0 1 0   0 0 1     0.0 0.0 0.0
0 -1 0   1 -1 0   0 0 1     0.0 0.0 0.0
-1 1 0   -1 0 0   0 0 1     0.0 0.0 0.0
-1 0 0   0 -1 0   0 0 1     0.0 0.0 0.5
0 1 0   -1 1 0   0 0 1     0.0 0.0 0.5
1 -1 0   1 0 0   0 0 1     0.0 0.0 0.5
0 -1 0   -1 0 0   0 0 1     0.0 0.0 0.0
-1 1 0   0 1 0   0 0 1     0.0 0.0 0.0
1 0 0   1 -1 0   0 0 1     0.0 0.0 0.0
0 1 0   1 0 0   0 0 1     0.0 0.0 0.5
1 -1 0   0 -1 0   0 0 1     0.0 0.0 0.5
-1 0 0   -1 1 0   0 0 1     0.0 0.0 0.5


 kpoint  A : 0.0 0.0 0.5  : 1 2 3 4 5 6 7 8 9 10 11 12
A1 1    1.0  1.0  1.0  1.0  1.0  1.0  1.0  1.0  1.0  1.0  1.0  1.0   0.0  0.0  0.0  0.5  0.5  0.5  0.0  0.0  0.0  0.5  0.5  0.5
A2 1    1.0  1.0  1.0  1.0  1.0  1.0  1.0  1.0  1.0  1.0  1.0  1.0   0.0  0.0  0.0  0.5  0.5  0.5  1.0  1.0  1.0  -0.5  -0.5  -0.5
A3 1    1.0  1.0  1.0  1.0  1.0  1.0  1.0  1.0  1.0  1.0  1.0  1.0   0.0  0.0  0.0  -0.5  -0.5  -0.5  1.0  1.0  1.0  0.5  0.5  0.5
A4 1    1.0  1.0  1.0  1.0  1.0  1.0  1.0  1.0  1.0  1.0  1.0  1.0   0.0  0.0  0.0  -0.5  -0.5  -0.5  0.0  0.0  0.0  -0.5  -0.5  -0.5
A5 2    2.0  1.0  1.0  2.0  1.0  1.0  0.0  0.0  0.0  0.0  0.0  0.0   0.0  1.0  1.0  0.5  -0.5  -0.5  0.0  0.0  0.0  0.0  0.0  0.0
A6 2    2.0  1.0  1.0  2.0  1.0  1.0  0.0  0.0  0.0  0.0  0.0  0.0   0.0  1.0  1.0  -0.5  0.5  0.5  0.0  0.0  0.0  0.0  0.0  0.0

 kpoint  GM : 0.0 0.0 0.0  : 1 2 3 4 5 6 7 8 9 10 11 12
GM1 1    1.0  1.0  1.0  1.0  1.0  1.0  1.0  1.0  1.0  1.0  1.0  1.0
GM2 1    1.0  1.0  1.0  1.0  1.0  1.0  -1.0  -1.0  -1.0  -1.0  -1.0  -1.0
GM3 1    1.0  1.0  1.0  -1.0  -1.0  -1.0  -1.0  -1.0  -1.0  1.0  1.0  1.0
GM4 1    1.0  1.0  1.0  -1.0  -1.0  -1.0  1.0  1.0  1.0  -1.0  -1.0  -1.0
GM5 2    2.0  -1.0  -1.0  2.0  -1.0  -1.0  0.0  0.0  0.0  0.0  0.0  0.0
GM6 2    2.0  -1.0  -1.0  -2.0  1.0  1.0  0.0  0.0  0.0  0.0  0.0  0.0

 kpoint  H : 0.333333 0.333333 0.5  : 1 2 3 10 11 12
H1 1    1.0  1.0  1.0  1.0  1.0  1.0   0.0  0.0  0.0  0.5  0.5  0.5
H2 1    1.0  1.0  1.0  1.0  1.0  1.0   0.0  0.0  0.0  -0.5  -0.5  -0.5
H3 2    2.0  -1.0  -1.0  0.0  0.0  0.0

 kpoint  K : 0.333333 0.333333 0.0  : 1 2 3 10 11 12
K1 1    1.0  1.0  1.0  1.0  1.0  1.0
K2 1    1.0  1.0  1.0  -1.0  -1.0  -1.0
K3 2    2.0  -1.0  -1.0  0.0  0.0  0.0

 kpoint  L : 0.5 0.0 0.5  : 1 4 9 12
L1 1    1.0  1.0  1.0  1.0   0.0  0.5  0.0  0.5
L2 1    1.0  1.0  1.0  1.0   0.0  0.5  1.0  -0.5
L3 1    1.0  1.0  1.0  1.0   0.0  -0.5  1.0  0.5
L4 1    1.0  1.0  1.0  1.0   0.0  -0.5  0.0  -0.5

 kpoint  M : 0.5 0.0 0.0  : 1 4 9 12
M1 1    1.0  1.0  1.0  1.0
M2 1    1.0  1.0  -1.0  -1.0
M3 1    1.0  -1.0  -1.0  1.0
M4 1    1.0  -1.0  1.0  -1.0
