SG=64
 name=Cmce 
 nsym= 8
 spinor=True
symmetries=
1 0 0   0 1 0   0 0 1     0.0 0.0 0.0      1.0  0.0  0.0  1.0    0.0  0.0  0.0  0.0
-1 0 0   0 -1 0   0 0 1     0.0 0.5 0.5      1.0  0.0  0.0  1.0    -0.5  0.0  0.0  0.5
-1 0 0   0 1 0   0 0 -1     0.0 0.5 0.5      0.0  1.0  1.0  0.0    0.0  1.0  0.0  0.0
1 0 0   0 -1 0   0 0 -1     0.0 0.0 0.0      0.0  1.0  1.0  0.0    0.0  -0.5  -0.5  0.0
-1 0 0   0 -1 0   0 0 -1     0.0 0.0 0.0      1.0  0.0  0.0  1.0    0.0  0.0  0.0  0.0
1 0 0   0 1 0   0 0 -1     0.0 0.5 0.5      1.0  0.0  0.0  1.0    -0.5  0.0  0.0  0.5
1 0 0   0 -1 0   0 0 1     0.0 0.5 0.5      0.0  1.0  1.0  0.0    0.0  1.0  0.0  0.0
-1 0 0   0 1 0   0 0 1     0.0 0.0 0.0      0.0  1.0  1.0  0.0    0.0  -0.5  -0.5  0.0


 kpoint  GM : 0.0 0.0 0.0  : 1 2 3 4 5 6 7 8
-GM5 2    2.0  0.0  0.0  0.0  2.0  0.0  0.0  0.0
-GM6 2    2.0  0.0  0.0  0.0  -2.0  0.0  0.0  0.0

 kpoint  T : 1.0 0.0 0.5  : 1 2 3 4 5 6 7 8
-T3 2    2.0  0.0  0.0  2.0  0.0  0.0  0.0  0.0   0.0  0.0  0.0  -0.5  0.5  0.0  0.0  0.0
-T4 2    2.0  0.0  0.0  2.0  0.0  0.0  0.0  0.0   0.0  0.0  0.0  0.5  0.5  0.0  0.0  0.0

 kpoint  Y : 1.0 0.0 0.0  : 1 2 3 4 5 6 7 8
-Y5 2    2.0  0.0  0.0  0.0  2.0  0.0  0.0  0.0
-Y6 2    2.0  0.0  0.0  0.0  -2.0  0.0  0.0  0.0

 kpoint  Z : 0.0 0.0 0.5  : 1 2 3 4 5 6 7 8
-Z3 2    2.0  0.0  0.0  2.0  0.0  0.0  0.0  0.0   0.0  0.0  0.0  -0.5  0.5  0.0  0.0  0.0
-Z4 2    2.0  0.0  0.0  2.0  0.0  0.0  0.0  0.0   0.0  0.0  0.0  0.5  0.5  0.0  0.0  0.0

 kpoint  R : 0.5 0.5 0.5  : 1 2 5 6
-R3 1    1.0  1.0  1.0  1.0
-R4 1    1.0  -1.0  1.0  -1.0
-R5 1    1.0  1.0  -1.0  -1.0
-R6 1    1.0  -1.0  -1.0  1.0

 kpoint  S : 0.5 0.5 0.0  : 1 2 5 6
-S2 2    2.0  0.0  0.0  0.0
