SG=214
 name=I4132 
 nsym= 24
 spinor=False
symmetries=
1 0 0   0 1 0   0 0 1     0.0 0.0 0.0
-1 0 0   0 -1 0   0 0 1     0.0 0.5 0.0
-1 0 0   0 1 0   0 0 -1     0.5 0.0 0.0
1 0 0   0 -1 0   0 0 -1     0.0 0.0 0.5
0 0 1   1 0 0   0 1 0     0.0 0.0 0.0
0 0 1   -1 0 0   0 -1 0     0.0 0.0 0.5
0 0 -1   -1 0 0   0 1 0     0.0 0.5 0.0
0 0 -1   1 0 0   0 -1 0     0.5 0.0 0.0
0 1 0   0 0 1   1 0 0     0.0 0.0 0.0
0 -1 0   0 0 1   -1 0 0     0.5 0.0 0.0
0 1 0   0 0 -1   -1 0 0     0.0 0.0 0.5
0 -1 0   0 0 -1   1 0 0     0.0 0.5 0.0
0 1 0   1 0 0   0 0 -1     0.75 0.25 0.25
0 -1 0   -1 0 0   0 0 -1     0.25 0.25 0.25
0 1 0   -1 0 0   0 0 1     0.25 0.25 0.75
0 -1 0   1 0 0   0 0 1     0.25 0.75 0.25
1 0 0   0 0 1   0 -1 0     0.75 0.25 0.25
-1 0 0   0 0 1   0 1 0     0.25 0.75 0.25
-1 0 0   0 0 -1   0 -1 0     0.25 0.25 0.25
1 0 0   0 0 -1   0 1 0     0.25 0.25 0.75
0 0 1   0 1 0   -1 0 0     0.75 0.25 0.25
0 0 1   0 -1 0   1 0 0     0.25 0.25 0.75
0 0 -1   0 1 0   1 0 0     0.25 0.75 0.25
0 0 -1   0 -1 0   -1 0 0     0.25 0.25 0.25


 kpoint  GM : 0.0 0.0 0.0  : 1 2 3 4 5 6 7 8 9 10 11 12 13 14 15 16 17 18 19 20 21 22 23 24
GM1 1    1.0  1.0  1.0  1.0  1.0  1.0  1.0  1.0  1.0  1.0  1.0  1.0  1.0  1.0  1.0  1.0  1.0  1.0  1.0  1.0  1.0  1.0  1.0  1.0
GM2 1    1.0  1.0  1.0  1.0  1.0  1.0  1.0  1.0  1.0  1.0  1.0  1.0  -1.0  -1.0  -1.0  -1.0  -1.0  -1.0  -1.0  -1.0  -1.0  -1.0  -1.0  -1.0
GM3 2    2.0  2.0  2.0  2.0  -1.0  -1.0  -1.0  -1.0  -1.0  -1.0  -1.0  -1.0  0.0  0.0  0.0  0.0  0.0  0.0  0.0  0.0  0.0  0.0  0.0  0.0
GM4 3    3.0  -1.0  -1.0  -1.0  0.0  0.0  0.0  0.0  0.0  0.0  0.0  0.0  -1.0  -1.0  1.0  1.0  1.0  -1.0  -1.0  1.0  1.0  -1.0  1.0  -1.0
GM5 3    3.0  -1.0  -1.0  -1.0  0.0  0.0  0.0  0.0  0.0  0.0  0.0  0.0  1.0  1.0  -1.0  -1.0  -1.0  1.0  1.0  -1.0  -1.0  1.0  -1.0  1.0

 kpoint  H : 1.0 1.0 1.0  : 1 2 3 4 5 6 7 8 9 10 11 12 13 14 15 16 17 18 19 20 21 22 23 24
H1 1    1.0  -1.0  -1.0  -1.0  1.0  -1.0  -1.0  -1.0  1.0  -1.0  -1.0  -1.0  1.0  -1.0  1.0  1.0  1.0  1.0  -1.0  1.0  1.0  1.0  1.0  -1.0
H2 1    1.0  -1.0  -1.0  -1.0  1.0  -1.0  -1.0  -1.0  1.0  -1.0  -1.0  -1.0  -1.0  1.0  -1.0  -1.0  -1.0  -1.0  1.0  -1.0  -1.0  -1.0  -1.0  1.0
H3 2    2.0  -2.0  -2.0  -2.0  -1.0  1.0  1.0  1.0  -1.0  1.0  1.0  1.0  0.0  0.0  0.0  0.0  0.0  0.0  0.0  0.0  0.0  0.0  0.0  0.0
H4 3    3.0  1.0  1.0  1.0  0.0  0.0  0.0  0.0  0.0  0.0  0.0  0.0  -1.0  1.0  1.0  1.0  1.0  -1.0  1.0  1.0  1.0  -1.0  1.0  1.0
H5 3    3.0  1.0  1.0  1.0  0.0  0.0  0.0  0.0  0.0  0.0  0.0  0.0  1.0  -1.0  -1.0  -1.0  -1.0  1.0  -1.0  -1.0  -1.0  1.0  -1.0  -1.0

 kpoint  P : 0.5 0.5 0.5  : 1 2 3 4 5 6 7 8 9 10 11 12
P1 2    2.0  0.0  0.0  0.0  1.0  1.0  1.0  1.0  1.0  1.0  1.0  1.0   0.0  0.5  0.0  0.0  0.33333  -0.16667  -0.16667  -0.16667  -0.33333  0.16667  0.16667  0.16667
P2 2    2.0  0.0  0.0  0.0  1.0  1.0  1.0  1.0  1.0  1.0  1.0  1.0   0.0  0.5  0.0  0.0  1.0  0.5  0.5  0.5  1.0  -0.5  -0.5  -0.5
P3 2    2.0  0.0  0.0  0.0  1.0  1.0  1.0  1.0  1.0  1.0  1.0  1.0   0.0  0.5  0.0  0.0  -0.33333  -0.83333  -0.83333  -0.83333  0.33333  0.83333  0.83333  0.83333

 kpoint  N : 0.5 0.5 0.0  : 1 2 13 14
N1 1    1.0  1.0  -1.0  1.0
N2 1    1.0  1.0  1.0  -1.0
N3 1    1.0  -1.0  -1.0  -1.0
N4 1    1.0  -1.0  1.0  1.0
