SG=187
 name=P-6m2 
 nsym= 12
 spinor=False
symmetries=
1 0 0   0 1 0   0 0 1     0.0 0.0 0.0
0 -1 0   1 -1 0   0 0 1     0.0 0.0 0.0
-1 1 0   -1 0 0   0 0 1     0.0 0.0 0.0
1 0 0   0 1 0   0 0 -1     0.0 0.0 0.0
0 -1 0   1 -1 0   0 0 -1     0.0 0.0 0.0
-1 1 0   -1 0 0   0 0 -1     0.0 0.0 0.0
0 -1 0   -1 0 0   0 0 1     0.0 0.0 0.0
-1 1 0   0 1 0   0 0 1     0.0 0.0 0.0
1 0 0   1 -1 0   0 0 1     0.0 0.0 0.0
0 -1 0   -1 0 0   0 0 -1     0.0 0.0 0.0
-1 1 0   0 1 0   0 0 -1     0.0 0.0 0.0
1 0 0   1 -1 0   0 0 -1     0.0 0.0 0.0


 kpoint  A : 0.0 0.0 0.5  : 1 2 3 4 5 6 7 8 9 10 11 12
A1 1    1.0  1.0  1.0  1.0  1.0  1.0  1.0  1.0  1.0  1.0  1.0  1.0
A2 1    1.0  1.0  1.0  1.0  1.0  1.0  -1.0  -1.0  -1.0  -1.0  -1.0  -1.0
A3 1    1.0  1.0  1.0  -1.0  -1.0  -1.0  1.0  1.0  1.0  -1.0  -1.0  -1.0
A4 1    1.0  1.0  1.0  -1.0  -1.0  -1.0  -1.0  -1.0  -1.0  1.0  1.0  1.0
A5 2    2.0  -1.0  -1.0  2.0  -1.0  -1.0  0.0  0.0  0.0  0.0  0.0  0.0
A6 2    2.0  -1.0  -1.0  -2.0  1.0  1.0  0.0  0.0  0.0  0.0  0.0  0.0

 kpoint  GM : 0.0 0.0 0.0  : 1 2 3 4 5 6 7 8 9 10 11 12
GM1 1    1.0  1.0  1.0  1.0  1.0  1.0  1.0  1.0  1.0  1.0  1.0  1.0
GM2 1    1.0  1.0  1.0  1.0  1.0  1.0  -1.0  -1.0  -1.0  -1.0  -1.0  -1.0
GM3 1    1.0  1.0  1.0  -1.0  -1.0  -1.0  1.0  1.0  1.0  -1.0  -1.0  -1.0
GM4 1    1.0  1.0  1.0  -1.0  -1.0  -1.0  -1.0  -1.0  -1.0  1.0  1.0  1.0
GM5 2    2.0  -1.0  -1.0  2.0  -1.0  -1.0  0.0  0.0  0.0  0.0  0.0  0.0
GM6 2    2.0  -1.0  -1.0  -2.0  1.0  1.0  0.0  0.0  0.0  0.0  0.0  0.0

 kpoint  H : 0.333333 0.333333 0.5  : 1 2 3 4 5 6
H1 1    1.0  1.0  1.0  1.0  1.0  1.0
H2 1    1.0  1.0  1.0  -1.0  -1.0  -1.0
H3 1    1.0  1.0  1.0  1.0  1.0  1.0   0.0  0.66667  -0.66667  0.0  0.66667  -0.66667
H4 1    1.0  1.0  1.0  1.0  1.0  1.0   0.0  0.66667  -0.66667  1.0  -0.33333  0.33333
H5 1    1.0  1.0  1.0  1.0  1.0  1.0   0.0  -0.66667  0.66667  0.0  -0.66667  0.66667
H6 1    1.0  1.0  1.0  1.0  1.0  1.0   0.0  -0.66667  0.66667  1.0  0.33333  -0.33333

 kpoint  K : 0.333333 0.333333 0.0  : 1 2 3 4 5 6
K1 1    1.0  1.0  1.0  1.0  1.0  1.0
K2 1    1.0  1.0  1.0  -1.0  -1.0  -1.0
K3 1    1.0  1.0  1.0  1.0  1.0  1.0   0.0  0.66667  -0.66667  0.0  0.66667  -0.66667
K4 1    1.0  1.0  1.0  1.0  1.0  1.0   0.0  0.66667  -0.66667  1.0  -0.33333  0.33333
K5 1    1.0  1.0  1.0  1.0  1.0  1.0   0.0  -0.66667  0.66667  0.0  -0.66667  0.66667
K6 1    1.0  1.0  1.0  1.0  1.0  1.0   0.0  -0.66667  0.66667  1.0  0.33333  -0.33333

 kpoint  L : 0.5 0.0 0.5  : 1 4 9 12
L1 1    1.0  1.0  1.0  1.0
L2 1    1.0  1.0  -1.0  -1.0
L3 1    1.0  -1.0  1.0  -1.0
L4 1    1.0  -1.0  -1.0  1.0

 kpoint  M : 0.5 0.0 0.0  : 1 4 9 12
M1 1    1.0  1.0  1.0  1.0
M2 1    1.0  1.0  -1.0  -1.0
M3 1    1.0  -1.0  1.0  -1.0
M4 1    1.0  -1.0  -1.0  1.0
