SG=212
 name=P4332 
 nsym= 24
 spinor=True
symmetries=
1 0 0   0 1 0   0 0 1     0.0 0.0 0.0      1.0  0.0  0.0  1.0    0.0  0.0  0.0  0.0
-1 0 0   0 -1 0   0 0 1     0.5 0.0 0.5      1.0  0.0  0.0  1.0    -0.5  0.0  0.0  0.5
-1 0 0   0 1 0   0 0 -1     0.0 0.5 0.5      0.0  1.0  1.0  0.0    0.0  1.0  0.0  0.0
1 0 0   0 -1 0   0 0 -1     0.5 0.5 0.0      0.0  1.0  1.0  0.0    0.0  -0.5  -0.5  0.0
0 0 1   1 0 0   0 1 0     0.0 0.0 0.0      0.70711  0.70711  0.70711  0.70711    -0.25  -0.75  -0.25  0.25
0 0 1   -1 0 0   0 -1 0     0.5 0.5 0.0      0.70711  0.70711  0.70711  0.70711    0.25  0.75  0.25  -0.25
0 0 -1   -1 0 0   0 1 0     0.5 0.0 0.5      0.70711  0.70711  0.70711  0.70711    0.25  -0.25  -0.75  -0.25
0 0 -1   1 0 0   0 -1 0     0.0 0.5 0.5      0.70711  0.70711  0.70711  0.70711    -0.25  0.25  0.75  0.25
0 1 0   0 0 1   1 0 0     0.0 0.0 0.0      0.70711  0.70711  0.70711  0.70711    0.25  0.25  0.75  -0.25
0 -1 0   0 0 1   -1 0 0     0.0 0.5 0.5      0.70711  0.70711  0.70711  0.70711    -0.25  0.75  0.25  0.25
0 1 0   0 0 -1   -1 0 0     0.5 0.5 0.0      0.70711  0.70711  0.70711  0.70711    0.25  -0.75  -0.25  -0.25
0 -1 0   0 0 -1   1 0 0     0.5 0.0 0.5      0.70711  0.70711  0.70711  0.70711    -0.25  -0.25  -0.75  0.25
0 1 0   1 0 0   0 0 -1     0.25 0.75 0.75      0.0  1.0  1.0  0.0    0.0  -0.75  -0.25  0.0
0 -1 0   -1 0 0   0 0 -1     0.25 0.25 0.25      0.0  1.0  1.0  0.0    0.0  0.75  0.25  0.0
0 1 0   -1 0 0   0 0 1     0.75 0.75 0.25      1.0  0.0  0.0  1.0    0.25  0.0  0.0  -0.25
0 -1 0   1 0 0   0 0 1     0.75 0.25 0.75      1.0  0.0  0.0  1.0    -0.25  0.0  0.0  0.25
1 0 0   0 0 1   0 -1 0     0.25 0.75 0.75      0.70711  0.70711  0.70711  0.70711    0.0  0.5  0.5  0.0
-1 0 0   0 0 1   0 1 0     0.75 0.25 0.75      0.70711  0.70711  0.70711  0.70711    0.5  0.0  1.0  -0.5
-1 0 0   0 0 -1   0 -1 0     0.25 0.25 0.25      0.70711  0.70711  0.70711  0.70711    -0.5  0.0  1.0  0.5
1 0 0   0 0 -1   0 1 0     0.75 0.75 0.25      0.70711  0.70711  0.70711  0.70711    0.0  -0.5  -0.5  0.0
0 0 1   0 1 0   -1 0 0     0.25 0.75 0.75      0.70711  0.70711  0.70711  0.70711    0.0  1.0  0.0  0.0
0 0 1   0 -1 0   1 0 0     0.75 0.75 0.25      0.70711  0.70711  0.70711  0.70711    -0.5  -0.5  -0.5  0.5
0 0 -1   0 1 0   1 0 0     0.75 0.25 0.75      0.70711  0.70711  0.70711  0.70711    0.0  0.0  1.0  0.0
0 0 -1   0 -1 0   -1 0 0     0.25 0.25 0.25      0.70711  0.70711  0.70711  0.70711    0.5  -0.5  -0.5  -0.5


 kpoint  GM : 0.0 0.0 0.0  : 1 2 3 4 5 6 7 8 9 10 11 12 13 14 15 16 17 18 19 20 21 22 23 24
-GM6 2    2.0  0.0  0.0  0.0  1.0  1.0  1.0  1.0  1.0  1.0  1.0  1.0  0.0  0.0  1.41421  1.41421  1.41421  0.0  0.0  1.41421  1.41421  0.0  1.41421  0.0
-GM7 2    2.0  0.0  0.0  0.0  1.0  1.0  1.0  1.0  1.0  1.0  1.0  1.0  0.0  0.0  -1.41421  -1.41421  -1.41421  0.0  0.0  -1.41421  -1.41421  0.0  -1.41421  0.0
-GM8 4    4.0  0.0  0.0  0.0  -1.0  -1.0  -1.0  -1.0  -1.0  -1.0  -1.0  -1.0  0.0  0.0  0.0  0.0  0.0  0.0  0.0  0.0  0.0  0.0  0.0  0.0

 kpoint  R : 0.5 0.5 0.5  : 1 2 3 4 5 6 7 8 9 10 11 12 13 14 15 16 17 18 19 20 21 22 23 24
-R4 1    1.0  1.0  1.0  1.0  1.0  1.0  1.0  1.0  1.0  1.0  1.0  1.0  1.0  1.0  1.0  1.0  1.0  1.0  1.0  1.0  1.0  1.0  1.0  1.0   0.0  1.0  1.0  1.0  1.0  1.0  1.0  1.0  1.0  0.0  0.0  0.0  -0.5  0.5  -0.5  0.5  -0.5  0.5  0.5  0.5  0.5  -0.5  -0.5  0.5
-R5 1    1.0  1.0  1.0  1.0  1.0  1.0  1.0  1.0  1.0  1.0  1.0  1.0  1.0  1.0  1.0  1.0  1.0  1.0  1.0  1.0  1.0  1.0  1.0  1.0   0.0  1.0  1.0  1.0  1.0  1.0  1.0  1.0  1.0  0.0  0.0  0.0  0.5  -0.5  0.5  -0.5  0.5  -0.5  -0.5  -0.5  -0.5  0.5  0.5  -0.5
-R6 2    2.0  -2.0  -2.0  -2.0  1.0  1.0  1.0  1.0  1.0  -1.0  -1.0  -1.0  0.0  0.0  0.0  0.0  0.0  0.0  0.0  0.0  0.0  0.0  0.0  0.0
-R7 3    3.0  1.0  1.0  1.0  0.0  0.0  0.0  0.0  0.0  0.0  0.0  0.0  1.0  1.0  1.0  1.0  1.0  1.0  1.0  1.0  1.0  1.0  1.0  1.0   0.0  0.0  0.0  0.0  0.0  0.0  0.0  0.0  0.0  0.0  0.0  0.0  -0.5  0.5  0.5  -0.5  0.5  0.5  0.5  -0.5  -0.5  -0.5  0.5  0.5
-R8 3    3.0  1.0  1.0  1.0  0.0  0.0  0.0  0.0  0.0  0.0  0.0  0.0  1.0  1.0  1.0  1.0  1.0  1.0  1.0  1.0  1.0  1.0  1.0  1.0   0.0  0.0  0.0  0.0  0.0  0.0  0.0  0.0  0.0  0.0  0.0  0.0  0.5  -0.5  -0.5  0.5  -0.5  -0.5  -0.5  0.5  0.5  0.5  -0.5  -0.5

 kpoint  M : 0.5 0.5 0.0  : 1 2 3 4 13 14 15 16
-M6 2    2.0  0.0  0.0  0.0  0.0  0.0  1.41421  1.41421   0.0  0.0  0.0  0.0  0.0  0.0  0.5  0.5
-M7 2    2.0  0.0  0.0  0.0  0.0  0.0  1.41421  1.41421   0.0  0.0  0.0  0.0  0.0  0.0  -0.5  -0.5

 kpoint  X : 0.0 0.5 0.0  : 1 2 3 4 21 22 23 24
-X3 1    1.0  1.0  1.0  1.0  1.0  1.0  1.0  1.0   0.0  -0.5  1.0  0.5  0.0  -0.5  1.0  -0.5
-X4 1    1.0  1.0  1.0  1.0  1.0  1.0  1.0  1.0   0.0  0.5  1.0  -0.5  1.0  -0.5  0.0  -0.5
-X5 1    1.0  1.0  1.0  1.0  1.0  1.0  1.0  1.0   0.0  -0.5  1.0  0.5  1.0  0.5  0.0  0.5
-X6 1    1.0  1.0  1.0  1.0  1.0  1.0  1.0  1.0   0.0  0.5  1.0  -0.5  0.0  0.5  1.0  0.5
-X7 2    2.0  0.0  2.0  0.0  0.0  0.0  0.0  0.0
