SG=15
 name=C2/c 
 nsym= 4
 spinor=False
symmetries=
1 0 0   0 1 0   0 0 1     0.0 0.0 0.0
-1 0 0   0 1 0   0 0 -1     0.0 0.0 0.5
-1 0 0   0 -1 0   0 0 -1     0.0 0.0 0.0
1 0 0   0 -1 0   0 0 1     0.0 0.0 0.5


 kpoint  A : 0.0 0.0 0.5  : 1 2 3 4
A1 2    2.0  0.0  0.0  0.0

 kpoint  GM : 0.0 0.0 0.0  : 1 2 3 4
GM1+ 1    1.0  1.0  1.0  1.0
GM1- 1    1.0  1.0  -1.0  -1.0
GM2+ 1    1.0  -1.0  1.0  -1.0
GM2- 1    1.0  -1.0  -1.0  1.0

 kpoint  M : 0.0 1.0 0.5  : 1 2 3 4
M1 2    2.0  0.0  0.0  0.0

 kpoint  Y : 0.0 1.0 0.0  : 1 2 3 4
Y1+ 1    1.0  1.0  1.0  1.0
Y1- 1    1.0  1.0  -1.0  -1.0
Y2+ 1    1.0  -1.0  1.0  -1.0
Y2- 1    1.0  -1.0  -1.0  1.0

 kpoint  L : 0.5 0.5 0.5  : 1 3
L1+ 1    1.0  1.0
L1- 1    1.0  -1.0

 kpoint  V : 0.5 0.5 0.0  : 1 3
V1+ 1    1.0  1.0
V1- 1    1.0  -1.0
