SG=173
 name=P63 
 nsym= 6
 spinor=True
symmetries=
1 0 0   0 1 0   0 0 1     0.0 0.0 0.0      1.0  0.0  0.0  1.0    0.0  0.0  0.0  0.0
0 -1 0   1 -1 0   0 0 1     0.0 0.0 0.0      1.0  0.0  0.0  1.0    0.33333  0.0  0.0  -0.33333
-1 1 0   -1 0 0   0 0 1     0.0 0.0 0.0      1.0  0.0  0.0  1.0    -0.33333  0.0  0.0  0.33333
-1 0 0   0 -1 0   0 0 1     0.0 0.0 0.5      1.0  0.0  0.0  1.0    -0.5  0.0  0.0  0.5
0 1 0   -1 1 0   0 0 1     0.0 0.0 0.5      1.0  0.0  0.0  1.0    -0.16667  0.0  0.0  0.16667
1 -1 0   1 0 0   0 0 1     0.0 0.0 0.5      1.0  0.0  0.0  1.0    0.16667  0.0  0.0  -0.16667


 kpoint  A : 0.0 0.0 0.5  : 1 2 3 4 5 6
-A7 1    1.0  -1.0  -1.0  1.0  -1.0  1.0
-A8 1    1.0  -1.0  -1.0  -1.0  1.0  -1.0
-A9 1    1.0  1.0  1.0  1.0  1.0  1.0   0.0  -0.33333  0.33333  0.0  -0.33333  -0.66667
-A10 1    1.0  1.0  1.0  1.0  1.0  1.0   0.0  -0.33333  0.33333  1.0  0.66667  0.33333
-A11 1    1.0  1.0  1.0  1.0  1.0  1.0   0.0  0.33333  -0.33333  0.0  0.33333  0.66667
-A12 1    1.0  1.0  1.0  1.0  1.0  1.0   0.0  0.33333  -0.33333  1.0  -0.66667  -0.33333

 kpoint  GM : 0.0 0.0 0.0  : 1 2 3 4 5 6
-GM7 1    1.0  1.0  1.0  1.0  1.0  1.0   0.0  1.0  1.0  -0.5  0.5  -0.5
-GM8 1    1.0  1.0  1.0  1.0  1.0  1.0   0.0  1.0  1.0  0.5  -0.5  0.5
-GM9 1    1.0  1.0  1.0  1.0  1.0  1.0   0.0  -0.33333  0.33333  -0.5  -0.83333  0.83333
-GM10 1    1.0  1.0  1.0  1.0  1.0  1.0   0.0  -0.33333  0.33333  0.5  0.16667  -0.16667
-GM11 1    1.0  1.0  1.0  1.0  1.0  1.0   0.0  0.33333  -0.33333  -0.5  -0.16667  0.16667
-GM12 1    1.0  1.0  1.0  1.0  1.0  1.0   0.0  0.33333  -0.33333  0.5  0.83333  -0.83333

 kpoint  H : 0.333333 0.333333 0.5  : 1 2 3
-H4 1    1.0  -1.0  -1.0
-H5 1    1.0  1.0  1.0   0.0  -0.33333  0.33333
-H6 1    1.0  1.0  1.0   0.0  0.33333  -0.33333

 kpoint  K : 0.333333 0.333333 0.0  : 1 2 3
-K4 1    1.0  -1.0  -1.0
-K5 1    1.0  1.0  1.0   0.0  -0.33333  0.33333
-K6 1    1.0  1.0  1.0   0.0  0.33333  -0.33333

 kpoint  L : 0.5 0.0 0.5  : 1 4
-L3 1    1.0  1.0
-L4 1    1.0  -1.0

 kpoint  M : 0.5 0.0 0.0  : 1 4
-M3 1    1.0  1.0   0.0  -0.5
-M4 1    1.0  1.0   0.0  0.5
