SG=165
 name=P-3c1 
 nsym= 12
 spinor=False
symmetries=
1 0 0   0 1 0   0 0 1     0.0 0.0 0.0
0 -1 0   1 -1 0   0 0 1     0.0 0.0 0.0
-1 1 0   -1 0 0   0 0 1     0.0 0.0 0.0
0 1 0   1 0 0   0 0 -1     0.0 0.0 0.5
1 -1 0   0 -1 0   0 0 -1     0.0 0.0 0.5
-1 0 0   -1 1 0   0 0 -1     0.0 0.0 0.5
-1 0 0   0 -1 0   0 0 -1     0.0 0.0 0.0
0 1 0   -1 1 0   0 0 -1     0.0 0.0 0.0
1 -1 0   1 0 0   0 0 -1     0.0 0.0 0.0
0 -1 0   -1 0 0   0 0 1     0.0 0.0 0.5
-1 1 0   0 1 0   0 0 1     0.0 0.0 0.5
1 0 0   1 -1 0   0 0 1     0.0 0.0 0.5


 kpoint  A : 0.0 0.0 0.5  : 1 2 3 4 5 6 7 8 9 10 11 12
A1 2    2.0  1.0  1.0  0.0  0.0  0.0  0.0  1.73205  1.73205  0.0  0.0  0.0   0.0  1.0  1.0  0.0  0.0  0.0  0.5  -0.5  0.5  0.0  0.0  0.0
A2 2    2.0  1.0  1.0  0.0  0.0  0.0  0.0  1.73205  1.73205  0.0  0.0  0.0   0.0  1.0  1.0  0.0  0.0  0.0  0.5  0.5  -0.5  0.0  0.0  0.0
A3 2    2.0  2.0  2.0  0.0  0.0  0.0  0.0  0.0  0.0  0.0  0.0  0.0

 kpoint  GM : 0.0 0.0 0.0  : 1 2 3 4 5 6 7 8 9 10 11 12
GM1+ 1    1.0  1.0  1.0  1.0  1.0  1.0  1.0  1.0  1.0  1.0  1.0  1.0
GM1- 1    1.0  1.0  1.0  1.0  1.0  1.0  -1.0  -1.0  -1.0  -1.0  -1.0  -1.0
GM2+ 1    1.0  1.0  1.0  -1.0  -1.0  -1.0  1.0  1.0  1.0  -1.0  -1.0  -1.0
GM2- 1    1.0  1.0  1.0  -1.0  -1.0  -1.0  -1.0  -1.0  -1.0  1.0  1.0  1.0
GM3+ 2    2.0  -1.0  -1.0  0.0  0.0  0.0  2.0  -1.0  -1.0  0.0  0.0  0.0
GM3- 2    2.0  -1.0  -1.0  0.0  0.0  0.0  -2.0  1.0  1.0  0.0  0.0  0.0

 kpoint  H : 0.333333 0.333333 0.5  : 1 2 3 4 5 6
H1 1    1.0  1.0  1.0  1.0  1.0  1.0
H2 1    1.0  1.0  1.0  -1.0  -1.0  -1.0
H3 2    2.0  -1.0  -1.0  0.0  0.0  0.0

 kpoint  K : 0.333333 0.333333 0.0  : 1 2 3 4 5 6
K1 1    1.0  1.0  1.0  1.0  1.0  1.0
K2 1    1.0  1.0  1.0  -1.0  -1.0  -1.0
K3 2    2.0  -1.0  -1.0  0.0  0.0  0.0

 kpoint  L : 0.5 0.0 0.5  : 1 6 7 12
L1 2    2.0  0.0  0.0  0.0

 kpoint  M : 0.5 0.0 0.0  : 1 6 7 12
M1+ 1    1.0  1.0  1.0  1.0
M1- 1    1.0  1.0  -1.0  -1.0
M2+ 1    1.0  -1.0  1.0  -1.0
M2- 1    1.0  -1.0  -1.0  1.0
