SG=230
 name=Ia-3d 
 nsym= 48
 spinor=False
symmetries=
1 0 0   0 1 0   0 0 1     0.0 0.0 0.0
-1 0 0   0 -1 0   0 0 1     0.0 0.5 0.0
-1 0 0   0 1 0   0 0 -1     0.5 0.0 0.0
1 0 0   0 -1 0   0 0 -1     0.0 0.0 0.5
0 0 1   1 0 0   0 1 0     0.0 0.0 0.0
0 0 1   -1 0 0   0 -1 0     0.0 0.0 0.5
0 0 -1   -1 0 0   0 1 0     0.0 0.5 0.0
0 0 -1   1 0 0   0 -1 0     0.5 0.0 0.0
0 1 0   0 0 1   1 0 0     0.0 0.0 0.0
0 -1 0   0 0 1   -1 0 0     0.5 0.0 0.0
0 1 0   0 0 -1   -1 0 0     0.0 0.0 0.5
0 -1 0   0 0 -1   1 0 0     0.0 0.5 0.0
0 1 0   1 0 0   0 0 -1     0.75 0.25 0.25
0 -1 0   -1 0 0   0 0 -1     0.25 0.25 0.25
0 1 0   -1 0 0   0 0 1     0.25 0.25 0.75
0 -1 0   1 0 0   0 0 1     0.25 0.75 0.25
1 0 0   0 0 1   0 -1 0     0.75 0.25 0.25
-1 0 0   0 0 1   0 1 0     0.25 0.75 0.25
-1 0 0   0 0 -1   0 -1 0     0.25 0.25 0.25
1 0 0   0 0 -1   0 1 0     0.25 0.25 0.75
0 0 1   0 1 0   -1 0 0     0.75 0.25 0.25
0 0 1   0 -1 0   1 0 0     0.25 0.25 0.75
0 0 -1   0 1 0   1 0 0     0.25 0.75 0.25
0 0 -1   0 -1 0   -1 0 0     0.25 0.25 0.25
-1 0 0   0 -1 0   0 0 -1     0.0 0.0 0.0
1 0 0   0 1 0   0 0 -1     0.0 0.5 0.0
1 0 0   0 -1 0   0 0 1     0.5 0.0 0.0
-1 0 0   0 1 0   0 0 1     0.0 0.0 0.5
0 0 -1   -1 0 0   0 -1 0     0.0 0.0 0.0
0 0 -1   1 0 0   0 1 0     0.0 0.0 0.5
0 0 1   1 0 0   0 -1 0     0.0 0.5 0.0
0 0 1   -1 0 0   0 1 0     0.5 0.0 0.0
0 -1 0   0 0 -1   -1 0 0     0.0 0.0 0.0
0 1 0   0 0 -1   1 0 0     0.5 0.0 0.0
0 -1 0   0 0 1   1 0 0     0.0 0.0 0.5
0 1 0   0 0 1   -1 0 0     0.0 0.5 0.0
0 -1 0   -1 0 0   0 0 1     0.75 0.25 0.25
0 1 0   1 0 0   0 0 1     0.25 0.25 0.25
0 -1 0   1 0 0   0 0 -1     0.25 0.25 0.75
0 1 0   -1 0 0   0 0 -1     0.25 0.75 0.25
-1 0 0   0 0 -1   0 1 0     0.75 0.25 0.25
1 0 0   0 0 -1   0 -1 0     0.25 0.75 0.25
1 0 0   0 0 1   0 1 0     0.25 0.25 0.25
-1 0 0   0 0 1   0 -1 0     0.25 0.25 0.75
0 0 -1   0 -1 0   1 0 0     0.75 0.25 0.25
0 0 -1   0 1 0   -1 0 0     0.25 0.25 0.75
0 0 1   0 -1 0   -1 0 0     0.25 0.75 0.25
0 0 1   0 1 0   1 0 0     0.25 0.25 0.25


 kpoint  GM : 0.0 0.0 0.0  : 1 2 3 4 5 6 7 8 9 10 11 12 13 14 15 16 17 18 19 20 21 22 23 24 25 26 27 28 29 30 31 32 33 34 35 36 37 38 39 40 41 42 43 44 45 46 47 48
GM1+ 1    1.0  1.0  1.0  1.0  1.0  1.0  1.0  1.0  1.0  1.0  1.0  1.0  1.0  1.0  1.0  1.0  1.0  1.0  1.0  1.0  1.0  1.0  1.0  1.0  1.0  1.0  1.0  1.0  1.0  1.0  1.0  1.0  1.0  1.0  1.0  1.0  1.0  1.0  1.0  1.0  1.0  1.0  1.0  1.0  1.0  1.0  1.0  1.0
GM1- 1    1.0  1.0  1.0  1.0  1.0  1.0  1.0  1.0  1.0  1.0  1.0  1.0  1.0  1.0  1.0  1.0  1.0  1.0  1.0  1.0  1.0  1.0  1.0  1.0  -1.0  -1.0  -1.0  -1.0  -1.0  -1.0  -1.0  -1.0  -1.0  -1.0  -1.0  -1.0  -1.0  -1.0  -1.0  -1.0  -1.0  -1.0  -1.0  -1.0  -1.0  -1.0  -1.0  -1.0
GM2+ 1    1.0  1.0  1.0  1.0  1.0  1.0  1.0  1.0  1.0  1.0  1.0  1.0  -1.0  -1.0  -1.0  -1.0  -1.0  -1.0  -1.0  -1.0  -1.0  -1.0  -1.0  -1.0  1.0  1.0  1.0  1.0  1.0  1.0  1.0  1.0  1.0  1.0  1.0  1.0  -1.0  -1.0  -1.0  -1.0  -1.0  -1.0  -1.0  -1.0  -1.0  -1.0  -1.0  -1.0
GM2- 1    1.0  1.0  1.0  1.0  1.0  1.0  1.0  1.0  1.0  1.0  1.0  1.0  -1.0  -1.0  -1.0  -1.0  -1.0  -1.0  -1.0  -1.0  -1.0  -1.0  -1.0  -1.0  -1.0  -1.0  -1.0  -1.0  -1.0  -1.0  -1.0  -1.0  -1.0  -1.0  -1.0  -1.0  1.0  1.0  1.0  1.0  1.0  1.0  1.0  1.0  1.0  1.0  1.0  1.0
GM3+ 2    2.0  2.0  2.0  2.0  -1.0  -1.0  -1.0  -1.0  -1.0  -1.0  -1.0  -1.0  0.0  0.0  0.0  0.0  0.0  0.0  0.0  0.0  0.0  0.0  0.0  0.0  2.0  2.0  2.0  2.0  -1.0  -1.0  -1.0  -1.0  -1.0  -1.0  -1.0  -1.0  0.0  0.0  0.0  0.0  0.0  0.0  0.0  0.0  0.0  0.0  0.0  0.0
GM3- 2    2.0  2.0  2.0  2.0  -1.0  -1.0  -1.0  -1.0  -1.0  -1.0  -1.0  -1.0  0.0  0.0  0.0  0.0  0.0  0.0  0.0  0.0  0.0  0.0  0.0  0.0  -2.0  -2.0  -2.0  -2.0  1.0  1.0  1.0  1.0  1.0  1.0  1.0  1.0  0.0  0.0  0.0  0.0  0.0  0.0  0.0  0.0  0.0  0.0  0.0  0.0
GM4+ 3    3.0  -1.0  -1.0  -1.0  0.0  0.0  0.0  0.0  0.0  0.0  0.0  0.0  -1.0  -1.0  1.0  1.0  1.0  -1.0  -1.0  1.0  1.0  -1.0  1.0  -1.0  3.0  -1.0  -1.0  -1.0  0.0  0.0  0.0  0.0  0.0  0.0  0.0  0.0  -1.0  -1.0  1.0  1.0  1.0  -1.0  -1.0  1.0  1.0  -1.0  1.0  -1.0
GM4- 3    3.0  -1.0  -1.0  -1.0  0.0  0.0  0.0  0.0  0.0  0.0  0.0  0.0  -1.0  -1.0  1.0  1.0  1.0  -1.0  -1.0  1.0  1.0  -1.0  1.0  -1.0  -3.0  1.0  1.0  1.0  0.0  0.0  0.0  0.0  0.0  0.0  0.0  0.0  1.0  1.0  -1.0  -1.0  -1.0  1.0  1.0  -1.0  -1.0  1.0  -1.0  1.0
GM5+ 3    3.0  -1.0  -1.0  -1.0  0.0  0.0  0.0  0.0  0.0  0.0  0.0  0.0  1.0  1.0  -1.0  -1.0  -1.0  1.0  1.0  -1.0  -1.0  1.0  -1.0  1.0  3.0  -1.0  -1.0  -1.0  0.0  0.0  0.0  0.0  0.0  0.0  0.0  0.0  1.0  1.0  -1.0  -1.0  -1.0  1.0  1.0  -1.0  -1.0  1.0  -1.0  1.0
GM5- 3    3.0  -1.0  -1.0  -1.0  0.0  0.0  0.0  0.0  0.0  0.0  0.0  0.0  1.0  1.0  -1.0  -1.0  -1.0  1.0  1.0  -1.0  -1.0  1.0  -1.0  1.0  -3.0  1.0  1.0  1.0  0.0  0.0  0.0  0.0  0.0  0.0  0.0  0.0  -1.0  -1.0  1.0  1.0  1.0  -1.0  -1.0  1.0  1.0  -1.0  1.0  -1.0

 kpoint  H : 1.0 1.0 1.0  : 1 2 3 4 5 6 7 8 9 10 11 12 13 14 15 16 17 18 19 20 21 22 23 24 25 26 27 28 29 30 31 32 33 34 35 36 37 38 39 40 41 42 43 44 45 46 47 48
H1 2    2.0  -2.0  -2.0  -2.0  2.0  -2.0  -2.0  -2.0  2.0  -2.0  -2.0  -2.0  0.0  0.0  0.0  0.0  0.0  0.0  0.0  0.0  0.0  0.0  0.0  0.0  0.0  0.0  0.0  0.0  0.0  0.0  0.0  0.0  0.0  0.0  0.0  0.0  0.0  0.0  0.0  0.0  0.0  0.0  0.0  0.0  0.0  0.0  0.0  0.0
H2 2    2.0  2.0  2.0  2.0  1.0  1.0  1.0  1.0  1.0  1.0  1.0  1.0  0.0  0.0  0.0  0.0  0.0  0.0  0.0  0.0  0.0  0.0  0.0  0.0  0.0  0.0  0.0  0.0  1.73205  1.73205  1.73205  1.73205  1.73205  1.73205  1.73205  1.73205  0.0  0.0  0.0  0.0  0.0  0.0  0.0  0.0  0.0  0.0  0.0  0.0   0.0  1.0  1.0  1.0  1.0  0.0  0.0  0.0  1.0  0.0  0.0  0.0  0.0  0.0  0.0  0.0  0.0  0.0  0.0  0.0  0.0  0.0  0.0  0.0  0.5  0.5  0.5  0.5  -0.5  0.5  0.5  0.5  0.5  -0.5  -0.5  -0.5  0.0  0.0  0.0  0.0  0.0  0.0  0.0  0.0  0.0  0.0  0.0  0.0
H3 2    2.0  2.0  2.0  2.0  1.0  1.0  1.0  1.0  1.0  1.0  1.0  1.0  0.0  0.0  0.0  0.0  0.0  0.0  0.0  0.0  0.0  0.0  0.0  0.0  0.0  0.0  0.0  0.0  1.73205  1.73205  1.73205  1.73205  1.73205  1.73205  1.73205  1.73205  0.0  0.0  0.0  0.0  0.0  0.0  0.0  0.0  0.0  0.0  0.0  0.0   0.0  1.0  1.0  1.0  1.0  0.0  0.0  0.0  1.0  0.0  0.0  0.0  0.0  0.0  0.0  0.0  0.0  0.0  0.0  0.0  0.0  0.0  0.0  0.0  0.5  0.5  0.5  0.5  0.5  -0.5  -0.5  -0.5  -0.5  0.5  0.5  0.5  0.0  0.0  0.0  0.0  0.0  0.0  0.0  0.0  0.0  0.0  0.0  0.0
H4 6    6.0  2.0  2.0  2.0  0.0  0.0  0.0  0.0  0.0  0.0  0.0  0.0  0.0  0.0  0.0  0.0  0.0  0.0  0.0  0.0  0.0  0.0  0.0  0.0  0.0  0.0  0.0  0.0  0.0  0.0  0.0  0.0  0.0  0.0  0.0  0.0  0.0  0.0  0.0  0.0  0.0  0.0  0.0  0.0  0.0  0.0  0.0  0.0

 kpoint  P : 0.5 0.5 0.5  : 1 2 3 4 5 6 7 8 9 10 11 12 37 38 39 40 41 42 43 44 45 46 47 48
P1 2    2.0  0.0  0.0  0.0  1.0  1.0  1.0  1.0  1.0  1.0  1.0  1.0  0.0  0.0  1.41421  1.41421  1.41421  0.0  0.0  1.41421  1.41421  0.0  1.41421  0.0   0.0  0.5  0.0  0.0  1.0  0.5  0.5  0.5  1.0  -0.5  -0.5  -0.5  0.0  0.0  -0.25  0.75  -0.25  -0.25  0.25  0.75  0.75  -0.25  -0.25  0.25
P2 2    2.0  0.0  0.0  0.0  1.0  1.0  1.0  1.0  1.0  1.0  1.0  1.0  0.0  0.0  1.41421  1.41421  1.41421  0.0  0.0  1.41421  1.41421  0.0  1.41421  0.0   0.0  0.5  0.0  0.0  1.0  0.5  0.5  0.5  1.0  -0.5  -0.5  -0.5  0.0  0.0  0.75  -0.25  0.75  -0.25  0.25  -0.25  -0.25  -0.25  0.75  0.25
P3 4    4.0  0.0  0.0  0.0  1.0  1.0  1.0  1.0  1.0  1.0  1.0  1.0  0.0  0.0  0.0  0.0  0.0  0.0  0.0  0.0  0.0  0.0  0.0  0.0   0.0  0.5  0.0  0.0  0.0  -0.5  -0.5  -0.5  0.0  0.5  0.5  0.5  0.0  0.0  0.0  0.0  0.0  0.0  0.0  0.0  0.0  0.0  0.0  0.0

 kpoint  N : 0.5 0.5 0.0  : 1 2 13 14 25 26 37 38
N1 2    2.0  0.0  2.0  0.0  0.0  0.0  0.0  0.0
N2 2    2.0  0.0  -2.0  0.0  0.0  0.0  0.0  0.0
