SG=220
 name=I-43d 
 nsym= 24
 spinor=True
symmetries=
1 0 0   0 1 0   0 0 1     0.0 0.0 0.0      1.0  0.0  0.0  1.0    0.0  0.0  0.0  0.0
-1 0 0   0 -1 0   0 0 1     0.0 0.5 0.0      1.0  0.0  0.0  1.0    -0.5  0.0  0.0  0.5
-1 0 0   0 1 0   0 0 -1     0.5 0.0 0.0      0.0  1.0  1.0  0.0    0.0  1.0  0.0  0.0
1 0 0   0 -1 0   0 0 -1     0.0 0.0 0.5      0.0  1.0  1.0  0.0    0.0  -0.5  -0.5  0.0
0 0 1   1 0 0   0 1 0     0.0 0.0 0.0      0.70711  0.70711  0.70711  0.70711    -0.25  -0.75  -0.25  0.25
0 0 1   -1 0 0   0 -1 0     0.0 0.0 0.5      0.70711  0.70711  0.70711  0.70711    0.25  0.75  0.25  -0.25
0 0 -1   -1 0 0   0 1 0     0.0 0.5 0.0      0.70711  0.70711  0.70711  0.70711    0.25  -0.25  -0.75  -0.25
0 0 -1   1 0 0   0 -1 0     0.5 0.0 0.0      0.70711  0.70711  0.70711  0.70711    -0.25  0.25  0.75  0.25
0 1 0   0 0 1   1 0 0     0.0 0.0 0.0      0.70711  0.70711  0.70711  0.70711    0.25  0.25  0.75  -0.25
0 -1 0   0 0 1   -1 0 0     0.5 0.0 0.0      0.70711  0.70711  0.70711  0.70711    -0.25  0.75  0.25  0.25
0 1 0   0 0 -1   -1 0 0     0.0 0.0 0.5      0.70711  0.70711  0.70711  0.70711    0.25  -0.75  -0.25  -0.25
0 -1 0   0 0 -1   1 0 0     0.0 0.5 0.0      0.70711  0.70711  0.70711  0.70711    -0.25  -0.25  -0.75  0.25
0 1 0   1 0 0   0 0 1     0.25 0.25 0.25      0.0  1.0  1.0  0.0    0.0  0.75  0.25  0.0
0 -1 0   -1 0 0   0 0 1     0.75 0.25 0.25      0.0  1.0  1.0  0.0    0.0  -0.75  -0.25  0.0
0 1 0   -1 0 0   0 0 -1     0.25 0.75 0.25      1.0  0.0  0.0  1.0    -0.25  0.0  0.0  0.25
0 -1 0   1 0 0   0 0 -1     0.25 0.25 0.75      1.0  0.0  0.0  1.0    0.25  0.0  0.0  -0.25
1 0 0   0 0 1   0 1 0     0.25 0.25 0.25      0.70711  0.70711  0.70711  0.70711    -0.5  0.0  1.0  0.5
-1 0 0   0 0 1   0 -1 0     0.25 0.25 0.75      0.70711  0.70711  0.70711  0.70711    0.0  -0.5  -0.5  0.0
-1 0 0   0 0 -1   0 1 0     0.75 0.25 0.25      0.70711  0.70711  0.70711  0.70711    0.0  0.5  0.5  0.0
1 0 0   0 0 -1   0 -1 0     0.25 0.75 0.25      0.70711  0.70711  0.70711  0.70711    0.5  0.0  1.0  -0.5
0 0 1   0 1 0   1 0 0     0.25 0.25 0.25      0.70711  0.70711  0.70711  0.70711    0.5  -0.5  -0.5  -0.5
0 0 1   0 -1 0   -1 0 0     0.25 0.75 0.25      0.70711  0.70711  0.70711  0.70711    0.0  0.0  1.0  0.0
0 0 -1   0 1 0   -1 0 0     0.25 0.25 0.75      0.70711  0.70711  0.70711  0.70711    -0.5  -0.5  -0.5  0.5
0 0 -1   0 -1 0   1 0 0     0.75 0.25 0.25      0.70711  0.70711  0.70711  0.70711    0.0  1.0  0.0  0.0


 kpoint  GM : 0.0 0.0 0.0  : 1 2 3 4 5 6 7 8 9 10 11 12 13 14 15 16 17 18 19 20 21 22 23 24
-GM6 2    2.0  0.0  0.0  0.0  1.0  1.0  1.0  1.0  1.0  1.0  1.0  1.0  0.0  0.0  1.41421  1.41421  0.0  1.41421  1.41421  0.0  0.0  1.41421  0.0  1.41421
-GM7 2    2.0  0.0  0.0  0.0  1.0  1.0  1.0  1.0  1.0  1.0  1.0  1.0  0.0  0.0  -1.41421  -1.41421  0.0  -1.41421  -1.41421  0.0  0.0  -1.41421  0.0  -1.41421
-GM8 4    4.0  0.0  0.0  0.0  -1.0  -1.0  -1.0  -1.0  -1.0  -1.0  -1.0  -1.0  0.0  0.0  0.0  0.0  0.0  0.0  0.0  0.0  0.0  0.0  0.0  0.0

 kpoint  H : 1.0 1.0 1.0  : 1 2 3 4 5 6 7 8 9 10 11 12 13 14 15 16 17 18 19 20 21 22 23 24
-H6 2    2.0  0.0  0.0  0.0  1.0  1.0  1.0  1.0  1.0  1.0  1.0  1.0  0.0  0.0  1.41421  1.41421  0.0  1.41421  1.41421  0.0  0.0  1.41421  0.0  1.41421   0.0  0.0  0.0  0.0  0.0  1.0  1.0  1.0  0.0  1.0  1.0  1.0  0.0  0.0  -0.5  -0.5  0.5  -0.5  -0.5  0.5  0.5  -0.5  0.5  -0.5
-H7 2    2.0  0.0  0.0  0.0  1.0  1.0  1.0  1.0  1.0  1.0  1.0  1.0  0.0  0.0  1.41421  1.41421  0.0  1.41421  1.41421  0.0  0.0  1.41421  0.0  1.41421   0.0  0.0  0.0  0.0  0.0  1.0  1.0  1.0  0.0  1.0  1.0  1.0  0.0  0.0  0.5  0.5  0.5  0.5  0.5  0.5  0.5  0.5  0.5  0.5
-H8 4    4.0  0.0  0.0  0.0  -1.0  1.0  1.0  1.0  -1.0  1.0  1.0  1.0  0.0  0.0  0.0  0.0  0.0  0.0  0.0  0.0  0.0  0.0  0.0  0.0

 kpoint  P : 0.5 0.5 0.5  : 1 2 3 4 5 6 7 8 9 10 11 12 13 14 15 16 17 18 19 20 21 22 23 24
-P4 1    1.0  1.0  1.0  1.0  1.0  1.0  1.0  1.0  1.0  1.0  1.0  1.0  1.0  1.0  1.0  1.0  1.0  1.0  1.0  1.0  1.0  1.0  1.0  1.0   0.0  0.5  0.5  0.5  1.0  0.5  0.5  0.5  1.0  -0.5  -0.5  -0.5  -0.75  -0.25  0.75  -0.25  -0.75  0.75  -0.25  0.75  -0.75  -0.25  -0.25  0.75
-P5 1    1.0  1.0  1.0  1.0  1.0  1.0  1.0  1.0  1.0  1.0  1.0  1.0  1.0  1.0  1.0  1.0  1.0  1.0  1.0  1.0  1.0  1.0  1.0  1.0   0.0  0.5  0.5  0.5  1.0  0.5  0.5  0.5  1.0  -0.5  -0.5  -0.5  0.25  0.75  -0.25  0.75  0.25  -0.25  0.75  -0.25  0.25  0.75  0.75  -0.25
-P6 2    2.0  2.0  2.0  2.0  1.0  1.0  1.0  1.0  1.0  1.0  1.0  1.0  0.0  0.0  0.0  0.0  0.0  0.0  0.0  0.0  0.0  0.0  0.0  0.0   0.0  0.5  0.5  0.5  0.0  -0.5  -0.5  -0.5  0.0  0.5  0.5  0.5  0.0  0.0  0.0  0.0  0.0  0.0  0.0  0.0  0.0  0.0  0.0  0.0
-P7 3    3.0  1.0  1.0  1.0  0.0  0.0  0.0  0.0  0.0  0.0  0.0  0.0  1.0  1.0  1.0  1.0  1.0  1.0  1.0  1.0  1.0  1.0  1.0  1.0   0.0  -0.5  -0.5  -0.5  0.0  0.0  0.0  0.0  0.0  0.0  0.0  0.0  0.25  0.75  0.75  -0.25  0.25  0.75  -0.25  -0.25  0.25  -0.25  0.75  0.75
-P8 3    3.0  1.0  1.0  1.0  0.0  0.0  0.0  0.0  0.0  0.0  0.0  0.0  1.0  1.0  1.0  1.0  1.0  1.0  1.0  1.0  1.0  1.0  1.0  1.0   0.0  -0.5  -0.5  -0.5  0.0  0.0  0.0  0.0  0.0  0.0  0.0  0.0  -0.75  -0.25  -0.25  0.75  -0.75  -0.25  0.75  0.75  -0.75  0.75  -0.25  -0.25

 kpoint  N : 0.5 0.5 0.0  : 1 2 13 14
-N2 1    1.0  1.0  1.0  1.0   0.0  -0.5  1.0  0.5
-N3 1    1.0  1.0  1.0  1.0   0.0  0.5  0.0  0.5
-N4 1    1.0  1.0  1.0  1.0   0.0  -0.5  0.0  -0.5
-N5 1    1.0  1.0  1.0  1.0   0.0  0.5  1.0  -0.5
