SG=122
 name=I-42d 
 nsym= 8
 spinor=False
symmetries=
1 0 0   0 1 0   0 0 1     0.0 0.0 0.0
-1 0 0   0 -1 0   0 0 1     0.0 0.0 0.0
0 1 0   -1 0 0   0 0 -1     0.0 0.0 0.0
0 -1 0   1 0 0   0 0 -1     0.0 0.0 0.0
-1 0 0   0 1 0   0 0 -1     0.0 0.5 0.25
1 0 0   0 -1 0   0 0 -1     0.0 0.5 0.25
0 -1 0   -1 0 0   0 0 1     0.0 0.5 0.25
0 1 0   1 0 0   0 0 1     0.0 0.5 0.25


 kpoint  GM : 0.0 0.0 0.0  : 1 2 3 4 5 6 7 8
GM1 1    1.0  1.0  1.0  1.0  1.0  1.0  1.0  1.0
GM2 1    1.0  1.0  -1.0  -1.0  1.0  1.0  -1.0  -1.0
GM3 1    1.0  1.0  -1.0  -1.0  -1.0  -1.0  1.0  1.0
GM4 1    1.0  1.0  1.0  1.0  -1.0  -1.0  -1.0  -1.0
GM5 2    2.0  -2.0  0.0  0.0  0.0  0.0  0.0  0.0

 kpoint  M : 1.0 1.0 1.0  : 1 2 3 4 5 6 7 8
M1 1    1.0  1.0  1.0  1.0  1.0  1.0  1.0  1.0   0.0  1.0  0.5  -0.5  1.0  0.0  -0.5  0.5
M2 1    1.0  1.0  1.0  1.0  1.0  1.0  1.0  1.0   0.0  1.0  -0.5  0.5  1.0  0.0  0.5  -0.5
M3 1    1.0  1.0  1.0  1.0  1.0  1.0  1.0  1.0   0.0  1.0  -0.5  0.5  0.0  1.0  -0.5  0.5
M4 1    1.0  1.0  1.0  1.0  1.0  1.0  1.0  1.0   0.0  1.0  0.5  -0.5  0.0  1.0  0.5  -0.5
M5 2    2.0  2.0  0.0  0.0  0.0  0.0  0.0  0.0

 kpoint  P : 0.5 0.5 0.5  : 1 2 3 4 5 6 7 8
P1 2    2.0  0.0  1.41421  1.41421  0.0  0.0  0.0  0.0   0.0  0.5  -0.25  0.25  0.0  0.0  0.0  0.0
P2 2    2.0  0.0  1.41421  1.41421  0.0  0.0  0.0  0.0   0.0  0.5  0.75  -0.75  0.0  0.0  0.0  0.0

 kpoint  X : 0.5 0.5 0.0  : 1 2 7 8
X1 2    2.0  0.0  0.0  0.0

 kpoint  N : 0.5 0.0 0.5  : 1 5
N1 1    1.0  1.0
N2 1    1.0  -1.0
