SG=167
 name=R-3c 
 nsym= 12
 spinor=True
symmetries=
1 0 0   0 1 0   0 0 1     0.0 0.0 0.0      1.0  0.0  0.0  1.0    0.0  0.0  0.0  0.0
0 -1 0   1 -1 0   0 0 1     0.0 0.0 0.0      1.0  0.0  0.0  1.0    0.33333  0.0  0.0  -0.33333
-1 1 0   -1 0 0   0 0 1     0.0 0.0 0.0      1.0  0.0  0.0  1.0    -0.33333  0.0  0.0  0.33333
0 1 0   1 0 0   0 0 -1     0.0 0.0 0.5      0.0  1.0  1.0  0.0    0.0  -0.66667  -0.33333  0.0
1 -1 0   0 -1 0   0 0 -1     0.0 0.0 0.5      0.0  1.0  1.0  0.0    0.0  1.0  0.0  0.0
-1 0 0   -1 1 0   0 0 -1     0.0 0.0 0.5      0.0  1.0  1.0  0.0    0.0  0.66667  0.33333  0.0
-1 0 0   0 -1 0   0 0 -1     0.0 0.0 0.0      1.0  0.0  0.0  1.0    0.0  0.0  0.0  0.0
0 1 0   -1 1 0   0 0 -1     0.0 0.0 0.0      1.0  0.0  0.0  1.0    0.33333  0.0  0.0  -0.33333
1 -1 0   1 0 0   0 0 -1     0.0 0.0 0.0      1.0  0.0  0.0  1.0    -0.33333  0.0  0.0  0.33333
0 -1 0   -1 0 0   0 0 1     0.0 0.0 0.5      0.0  1.0  1.0  0.0    0.0  -0.66667  -0.33333  0.0
-1 1 0   0 1 0   0 0 1     0.0 0.0 0.5      0.0  1.0  1.0  0.0    0.0  1.0  0.0  0.0
1 0 0   1 -1 0   0 0 1     0.0 0.0 0.5      0.0  1.0  1.0  0.0    0.0  0.66667  0.33333  0.0


 kpoint  GM : 0.0 0.0 0.0  : 1 2 3 4 5 6 7 8 9 10 11 12
-GM4 1    1.0  1.0  1.0  1.0  1.0  1.0  1.0  1.0  1.0  1.0  1.0  1.0   0.0  1.0  1.0  -0.5  0.5  -0.5  0.0  1.0  1.0  -0.5  0.5  -0.5
-GM5 1    1.0  1.0  1.0  1.0  1.0  1.0  1.0  1.0  1.0  1.0  1.0  1.0   0.0  1.0  1.0  0.5  -0.5  0.5  0.0  1.0  1.0  0.5  -0.5  0.5
-GM6 1    1.0  1.0  1.0  1.0  1.0  1.0  1.0  1.0  1.0  1.0  1.0  1.0   0.0  1.0  1.0  -0.5  0.5  -0.5  1.0  0.0  0.0  0.5  -0.5  0.5
-GM7 1    1.0  1.0  1.0  1.0  1.0  1.0  1.0  1.0  1.0  1.0  1.0  1.0   0.0  1.0  1.0  0.5  -0.5  0.5  1.0  0.0  0.0  -0.5  0.5  -0.5
-GM8 2    2.0  1.0  1.0  0.0  0.0  0.0  2.0  1.0  1.0  0.0  0.0  0.0
-GM9 2    2.0  1.0  1.0  0.0  0.0  0.0  -2.0  -1.0  -1.0  0.0  0.0  0.0

 kpoint  T : 0.0 0.0 1.5  : 1 2 3 4 5 6 7 8 9 10 11 12
-T4 2    2.0  -2.0  -2.0  0.0  0.0  0.0  0.0  0.0  0.0  0.0  0.0  0.0
-T5 2    2.0  1.0  1.0  0.0  0.0  0.0  0.0  1.73205  1.73205  0.0  0.0  0.0   0.0  0.0  0.0  0.0  0.0  0.0  0.5  -0.5  0.5  0.0  0.0  0.0
-T6 2    2.0  1.0  1.0  0.0  0.0  0.0  0.0  1.73205  1.73205  0.0  0.0  0.0   0.0  0.0  0.0  0.0  0.0  0.0  0.5  0.5  -0.5  0.0  0.0  0.0

 kpoint  F : 0.0 0.5 1.0  : 1 5 7 11
-F3 1    1.0  1.0  1.0  1.0   0.0  -0.5  0.0  -0.5
-F4 1    1.0  1.0  1.0  1.0   0.0  0.5  0.0  0.5
-F5 1    1.0  1.0  1.0  1.0   0.0  -0.5  1.0  0.5
-F6 1    1.0  1.0  1.0  1.0   0.0  0.5  1.0  -0.5

 kpoint  L : -0.5 0.5 0.5  : 1 4 7 10
-L2 2    2.0  0.0  0.0  0.0
