SG=82
 name=I-4 
 nsym= 4
 spinor=False
symmetries=
1 0 0   0 1 0   0 0 1     0.0 0.0 0.0
-1 0 0   0 -1 0   0 0 1     0.0 0.0 0.0
0 1 0   -1 0 0   0 0 -1     0.0 0.0 0.0
0 -1 0   1 0 0   0 0 -1     0.0 0.0 0.0


 kpoint  GM : 0.0 0.0 0.0  : 1 2 3 4
GM1 1    1.0  1.0  1.0  1.0
GM2 1    1.0  1.0  -1.0  -1.0
GM3 1    1.0  1.0  1.0  1.0   0.0  1.0  0.5  -0.5
GM4 1    1.0  1.0  1.0  1.0   0.0  1.0  -0.5  0.5

 kpoint  M : 1.0 1.0 1.0  : 1 2 3 4
M1 1    1.0  1.0  1.0  1.0
M2 1    1.0  1.0  -1.0  -1.0
M3 1    1.0  1.0  1.0  1.0   0.0  1.0  0.5  -0.5
M4 1    1.0  1.0  1.0  1.0   0.0  1.0  -0.5  0.5

 kpoint  P : 0.5 0.5 0.5  : 1 2 3 4
P1 1    1.0  1.0  1.0  1.0
P2 1    1.0  1.0  -1.0  -1.0
P3 1    1.0  1.0  1.0  1.0   0.0  1.0  0.5  -0.5
P4 1    1.0  1.0  1.0  1.0   0.0  1.0  -0.5  0.5

 kpoint  X : 0.5 0.5 0.0  : 1 2
X1 1    1.0  1.0
X2 1    1.0  -1.0

 kpoint  N : 0.5 0.0 0.5  : 1
N1 1    1.0
