SG=112
 name=P-42c 
 nsym= 8
 spinor=True
symmetries=
1 0 0   0 1 0   0 0 1     0.0 0.0 0.0      1.0  0.0  0.0  1.0    0.0  0.0  0.0  0.0
-1 0 0   0 -1 0   0 0 1     0.0 0.0 0.0      1.0  0.0  0.0  1.0    -0.5  0.0  0.0  0.5
0 1 0   -1 0 0   0 0 -1     0.0 0.0 0.0      1.0  0.0  0.0  1.0    -0.25  0.0  0.0  0.25
0 -1 0   1 0 0   0 0 -1     0.0 0.0 0.0      1.0  0.0  0.0  1.0    0.25  0.0  0.0  -0.25
-1 0 0   0 1 0   0 0 -1     0.0 0.0 0.5      0.0  1.0  1.0  0.0    0.0  1.0  0.0  0.0
1 0 0   0 -1 0   0 0 -1     0.0 0.0 0.5      0.0  1.0  1.0  0.0    0.0  -0.5  -0.5  0.0
0 -1 0   -1 0 0   0 0 1     0.0 0.0 0.5      0.0  1.0  1.0  0.0    0.0  -0.75  -0.25  0.0
0 1 0   1 0 0   0 0 1     0.0 0.0 0.5      0.0  1.0  1.0  0.0    0.0  0.75  0.25  0.0


 kpoint  A : 0.5 0.5 0.5  : 1 2 3 4 5 6 7 8
-A6 2    2.0  0.0  1.41421  1.41421  0.0  0.0  0.0  0.0   0.0  0.0  0.5  -0.5  0.0  0.0  0.0  0.0
-A7 2    2.0  0.0  1.41421  1.41421  0.0  0.0  0.0  0.0   0.0  0.0  -0.5  0.5  0.0  0.0  0.0  0.0

 kpoint  GM : 0.0 0.0 0.0  : 1 2 3 4 5 6 7 8
-GM6 2    2.0  0.0  -1.41421  -1.41421  0.0  0.0  0.0  0.0
-GM7 2    2.0  0.0  1.41421  1.41421  0.0  0.0  0.0  0.0

 kpoint  M : 0.5 0.5 0.0  : 1 2 3 4 5 6 7 8
-M6 2    2.0  0.0  -1.41421  -1.41421  0.0  0.0  0.0  0.0
-M7 2    2.0  0.0  1.41421  1.41421  0.0  0.0  0.0  0.0

 kpoint  Z : 0.0 0.0 0.5  : 1 2 3 4 5 6 7 8
-Z6 2    2.0  0.0  1.41421  1.41421  0.0  0.0  0.0  0.0   0.0  0.0  0.5  -0.5  0.0  0.0  0.0  0.0
-Z7 2    2.0  0.0  1.41421  1.41421  0.0  0.0  0.0  0.0   0.0  0.0  -0.5  0.5  0.0  0.0  0.0  0.0

 kpoint  R : 0.0 0.5 0.5  : 1 2 5 6
-R5 2    2.0  0.0  0.0  0.0

 kpoint  X : 0.0 0.5 0.0  : 1 2 5 6
-X5 2    2.0  0.0  0.0  0.0
