SG=134
 name=P42/nnm 
 nsym= 16
 spinor=True
symmetries=
1 0 0   0 1 0   0 0 1     0.0 0.0 0.0      1.0  0.0  0.0  1.0    0.0  0.0  0.0  0.0
-1 0 0   0 -1 0   0 0 1     0.5 0.5 0.0      1.0  0.0  0.0  1.0    -0.5  0.0  0.0  0.5
0 -1 0   1 0 0   0 0 1     0.5 0.0 0.5      1.0  0.0  0.0  1.0    -0.25  0.0  0.0  0.25
0 1 0   -1 0 0   0 0 1     0.0 0.5 0.5      1.0  0.0  0.0  1.0    0.25  0.0  0.0  -0.25
-1 0 0   0 1 0   0 0 -1     0.5 0.0 0.5      0.0  1.0  1.0  0.0    0.0  1.0  0.0  0.0
1 0 0   0 -1 0   0 0 -1     0.0 0.5 0.5      0.0  1.0  1.0  0.0    0.0  -0.5  -0.5  0.0
0 1 0   1 0 0   0 0 -1     0.0 0.0 0.0      0.0  1.0  1.0  0.0    0.0  -0.75  -0.25  0.0
0 -1 0   -1 0 0   0 0 -1     0.5 0.5 0.0      0.0  1.0  1.0  0.0    0.0  0.75  0.25  0.0
-1 0 0   0 -1 0   0 0 -1     0.0 0.0 0.0      1.0  0.0  0.0  1.0    0.0  0.0  0.0  0.0
1 0 0   0 1 0   0 0 -1     0.5 0.5 0.0      1.0  0.0  0.0  1.0    -0.5  0.0  0.0  0.5
0 1 0   -1 0 0   0 0 -1     0.5 0.0 0.5      1.0  0.0  0.0  1.0    -0.25  0.0  0.0  0.25
0 -1 0   1 0 0   0 0 -1     0.0 0.5 0.5      1.0  0.0  0.0  1.0    0.25  0.0  0.0  -0.25
1 0 0   0 -1 0   0 0 1     0.5 0.0 0.5      0.0  1.0  1.0  0.0    0.0  1.0  0.0  0.0
-1 0 0   0 1 0   0 0 1     0.0 0.5 0.5      0.0  1.0  1.0  0.0    0.0  -0.5  -0.5  0.0
0 -1 0   -1 0 0   0 0 1     0.0 0.0 0.0      0.0  1.0  1.0  0.0    0.0  -0.75  -0.25  0.0
0 1 0   1 0 0   0 0 1     0.5 0.5 0.0      0.0  1.0  1.0  0.0    0.0  0.75  0.25  0.0


 kpoint  A : 0.5 0.5 0.5  : 1 2 3 4 5 6 7 8 9 10 11 12 13 14 15 16
-A6 2    2.0  0.0  -1.41421  1.41421  0.0  0.0  0.0  0.0  2.0  0.0  -1.41421  1.41421  0.0  0.0  0.0  0.0
-A7 2    2.0  0.0  1.41421  -1.41421  0.0  0.0  0.0  0.0  2.0  0.0  1.41421  -1.41421  0.0  0.0  0.0  0.0
-A8 2    2.0  0.0  -1.41421  1.41421  0.0  0.0  0.0  0.0  -2.0  0.0  1.41421  -1.41421  0.0  0.0  0.0  0.0
-A9 2    2.0  0.0  1.41421  -1.41421  0.0  0.0  0.0  0.0  -2.0  0.0  -1.41421  1.41421  0.0  0.0  0.0  0.0

 kpoint  GM : 0.0 0.0 0.0  : 1 2 3 4 5 6 7 8 9 10 11 12 13 14 15 16
-GM6 2    2.0  0.0  -1.41421  -1.41421  0.0  0.0  0.0  0.0  2.0  0.0  -1.41421  -1.41421  0.0  0.0  0.0  0.0
-GM7 2    2.0  0.0  1.41421  1.41421  0.0  0.0  0.0  0.0  2.0  0.0  1.41421  1.41421  0.0  0.0  0.0  0.0
-GM8 2    2.0  0.0  -1.41421  -1.41421  0.0  0.0  0.0  0.0  -2.0  0.0  1.41421  1.41421  0.0  0.0  0.0  0.0
-GM9 2    2.0  0.0  1.41421  1.41421  0.0  0.0  0.0  0.0  -2.0  0.0  -1.41421  -1.41421  0.0  0.0  0.0  0.0

 kpoint  M : 0.5 0.5 0.0  : 1 2 3 4 5 6 7 8 9 10 11 12 13 14 15 16
-M5 4    4.0  0.0  0.0  0.0  0.0  0.0  0.0  0.0  0.0  0.0  0.0  0.0  0.0  0.0  0.0  0.0

 kpoint  Z : 0.0 0.0 0.5  : 1 2 3 4 5 6 7 8 9 10 11 12 13 14 15 16
-Z5 4    4.0  0.0  0.0  0.0  0.0  0.0  0.0  0.0  0.0  0.0  0.0  0.0  0.0  0.0  0.0  0.0

 kpoint  R : 0.0 0.5 0.5  : 1 2 5 6 9 10 13 14
-R3 2    2.0  0.0  0.0  0.0  0.0  0.0  0.0  2.0   0.0  0.0  0.0  0.0  0.5  0.0  0.0  -0.5
-R4 2    2.0  0.0  0.0  0.0  0.0  0.0  0.0  2.0   0.0  0.0  0.0  0.0  0.5  0.0  0.0  0.5

 kpoint  X : 0.0 0.5 0.0  : 1 2 5 6 9 10 13 14
-X3 2    2.0  0.0  0.0  0.0  0.0  0.0  2.0  0.0   0.0  0.0  0.0  0.0  0.5  0.0  -0.5  0.0
-X4 2    2.0  0.0  0.0  0.0  0.0  0.0  2.0  0.0   0.0  0.0  0.0  0.0  0.5  0.0  0.5  0.0
