SG=43
 name=Fdd2 
 nsym= 4
 spinor=False
symmetries=
1 0 0   0 1 0   0 0 1     0.0 0.0 0.0
-1 0 0   0 -1 0   0 0 1     0.0 0.0 0.0
1 0 0   0 -1 0   0 0 1     0.25 0.25 0.25
-1 0 0   0 1 0   0 0 1     0.25 0.25 0.25


 kpoint  GM : 0.0 0.0 0.0  : 1 2 3 4
GM1 1    1.0  1.0  1.0  1.0
GM2 1    1.0  1.0  -1.0  -1.0
GM3 1    1.0  -1.0  -1.0  1.0
GM4 1    1.0  -1.0  1.0  -1.0

 kpoint  T : 1.0 0.0 0.0  : 1 2 3 4
T1 2    2.0  0.0  0.0  0.0

 kpoint  Y : 0.0 1.0 0.0  : 1 2 3 4
Y1 2    2.0  0.0  0.0  0.0

 kpoint  Z : 0.0 0.0 1.0  : 1 2 3 4
Z1 1    1.0  1.0  1.0  1.0   0.0  0.0  0.5  0.5
Z2 1    1.0  1.0  1.0  1.0   0.0  0.0  -0.5  -0.5
Z3 1    1.0  1.0  1.0  1.0   0.0  1.0  -0.5  0.5
Z4 1    1.0  1.0  1.0  1.0   0.0  1.0  0.5  -0.5

 kpoint  L : 0.5 0.5 0.5  : 1
L1 1    1.0
