SG=116
 name=P-4c2 
 nsym= 8
 spinor=False
symmetries=
1 0 0   0 1 0   0 0 1     0.0 0.0 0.0
-1 0 0   0 -1 0   0 0 1     0.0 0.0 0.0
0 1 0   -1 0 0   0 0 -1     0.0 0.0 0.0
0 -1 0   1 0 0   0 0 -1     0.0 0.0 0.0
1 0 0   0 -1 0   0 0 1     0.0 0.0 0.5
-1 0 0   0 1 0   0 0 1     0.0 0.0 0.5
0 1 0   1 0 0   0 0 -1     0.0 0.0 0.5
0 -1 0   -1 0 0   0 0 -1     0.0 0.0 0.5


 kpoint  A : 0.5 0.5 0.5  : 1 2 3 4 5 6 7 8
A1 1    1.0  1.0  1.0  1.0  1.0  1.0  1.0  1.0   0.0  1.0  0.5  -0.5  -0.5  0.5  0.0  1.0
A2 1    1.0  1.0  1.0  1.0  1.0  1.0  1.0  1.0   0.0  1.0  -0.5  0.5  -0.5  0.5  1.0  0.0
A3 1    1.0  1.0  1.0  1.0  1.0  1.0  1.0  1.0   0.0  1.0  0.5  -0.5  0.5  -0.5  1.0  0.0
A4 1    1.0  1.0  1.0  1.0  1.0  1.0  1.0  1.0   0.0  1.0  -0.5  0.5  0.5  -0.5  0.0  1.0
A5 2    2.0  2.0  0.0  0.0  0.0  0.0  0.0  0.0

 kpoint  GM : 0.0 0.0 0.0  : 1 2 3 4 5 6 7 8
GM1 1    1.0  1.0  1.0  1.0  1.0  1.0  1.0  1.0
GM2 1    1.0  1.0  -1.0  -1.0  1.0  1.0  -1.0  -1.0
GM3 1    1.0  1.0  1.0  1.0  -1.0  -1.0  -1.0  -1.0
GM4 1    1.0  1.0  -1.0  -1.0  -1.0  -1.0  1.0  1.0
GM5 2    2.0  -2.0  0.0  0.0  0.0  0.0  0.0  0.0

 kpoint  M : 0.5 0.5 0.0  : 1 2 3 4 5 6 7 8
M1 1    1.0  1.0  1.0  1.0  1.0  1.0  1.0  1.0
M2 1    1.0  1.0  -1.0  -1.0  1.0  1.0  -1.0  -1.0
M3 1    1.0  1.0  1.0  1.0  -1.0  -1.0  -1.0  -1.0
M4 1    1.0  1.0  -1.0  -1.0  -1.0  -1.0  1.0  1.0
M5 2    2.0  -2.0  0.0  0.0  0.0  0.0  0.0  0.0

 kpoint  Z : 0.0 0.0 0.5  : 1 2 3 4 5 6 7 8
Z1 1    1.0  1.0  1.0  1.0  1.0  1.0  1.0  1.0   0.0  1.0  0.5  -0.5  -0.5  0.5  0.0  1.0
Z2 1    1.0  1.0  1.0  1.0  1.0  1.0  1.0  1.0   0.0  1.0  -0.5  0.5  -0.5  0.5  1.0  0.0
Z3 1    1.0  1.0  1.0  1.0  1.0  1.0  1.0  1.0   0.0  1.0  0.5  -0.5  0.5  -0.5  1.0  0.0
Z4 1    1.0  1.0  1.0  1.0  1.0  1.0  1.0  1.0   0.0  1.0  -0.5  0.5  0.5  -0.5  0.0  1.0
Z5 2    2.0  2.0  0.0  0.0  0.0  0.0  0.0  0.0

 kpoint  R : 0.0 0.5 0.5  : 1 2 5 6
R1 1    1.0  1.0  1.0  1.0   0.0  0.0  0.5  0.5
R2 1    1.0  1.0  1.0  1.0   0.0  0.0  -0.5  -0.5
R3 1    1.0  1.0  1.0  1.0   0.0  1.0  -0.5  0.5
R4 1    1.0  1.0  1.0  1.0   0.0  1.0  0.5  -0.5

 kpoint  X : 0.0 0.5 0.0  : 1 2 5 6
X1 1    1.0  1.0  1.0  1.0
X2 1    1.0  1.0  -1.0  -1.0
X3 1    1.0  -1.0  -1.0  1.0
X4 1    1.0  -1.0  1.0  -1.0
