SG=96
 name=P43212 
 nsym= 8
 spinor=True
symmetries=
1 0 0   0 1 0   0 0 1     0.0 0.0 0.0      1.0  0.0  0.0  1.0    0.0  0.0  0.0  0.0
-1 0 0   0 -1 0   0 0 1     0.0 0.0 0.5      1.0  0.0  0.0  1.0    -0.5  0.0  0.0  0.5
0 -1 0   1 0 0   0 0 1     0.5 0.5 0.75      1.0  0.0  0.0  1.0    -0.25  0.0  0.0  0.25
0 1 0   -1 0 0   0 0 1     0.5 0.5 0.25      1.0  0.0  0.0  1.0    0.25  0.0  0.0  -0.25
-1 0 0   0 1 0   0 0 -1     0.5 0.5 0.75      0.0  1.0  1.0  0.0    0.0  1.0  0.0  0.0
1 0 0   0 -1 0   0 0 -1     0.5 0.5 0.25      0.0  1.0  1.0  0.0    0.0  -0.5  -0.5  0.0
0 1 0   1 0 0   0 0 -1     0.0 0.0 0.0      0.0  1.0  1.0  0.0    0.0  -0.75  -0.25  0.0
0 -1 0   -1 0 0   0 0 -1     0.0 0.0 0.5      0.0  1.0  1.0  0.0    0.0  0.75  0.25  0.0


 kpoint  A : 0.5 0.5 0.5  : 1 2 3 4 5 6 7 8
-A3 1    1.0  1.0  1.0  1.0  1.0  1.0  1.0  1.0   0.0  1.0  -0.5  0.5  1.0  0.0  -0.5  0.5
-A4 1    1.0  1.0  1.0  1.0  1.0  1.0  1.0  1.0   0.0  1.0  0.5  -0.5  0.0  1.0  -0.5  0.5
-A5 1    1.0  1.0  1.0  1.0  1.0  1.0  1.0  1.0   0.0  1.0  -0.5  0.5  0.0  1.0  0.5  -0.5
-A6 1    1.0  1.0  1.0  1.0  1.0  1.0  1.0  1.0   0.0  1.0  0.5  -0.5  1.0  0.0  0.5  -0.5
-A7 2    2.0  2.0  0.0  0.0  0.0  0.0  0.0  0.0

 kpoint  GM : 0.0 0.0 0.0  : 1 2 3 4 5 6 7 8
-GM6 2    2.0  0.0  -1.41421  -1.41421  0.0  0.0  0.0  0.0
-GM7 2    2.0  0.0  1.41421  1.41421  0.0  0.0  0.0  0.0

 kpoint  M : 0.5 0.5 0.0  : 1 2 3 4 5 6 7 8
-M6 2    2.0  0.0  1.41421  1.41421  0.0  0.0  0.0  0.0   0.0  0.0  -0.5  -0.5  0.0  0.0  0.0  0.0
-M7 2    2.0  0.0  1.41421  1.41421  0.0  0.0  0.0  0.0   0.0  0.0  0.5  0.5  0.0  0.0  0.0  0.0

 kpoint  Z : 0.0 0.0 0.5  : 1 2 3 4 5 6 7 8
-Z3 1    1.0  1.0  1.0  1.0  1.0  1.0  1.0  1.0   0.0  1.0  0.0  1.0  -0.5  0.5  -0.5  0.5
-Z4 1    1.0  1.0  1.0  1.0  1.0  1.0  1.0  1.0   0.0  1.0  1.0  0.0  0.5  -0.5  -0.5  0.5
-Z5 1    1.0  1.0  1.0  1.0  1.0  1.0  1.0  1.0   0.0  1.0  0.0  1.0  0.5  -0.5  0.5  -0.5
-Z6 1    1.0  1.0  1.0  1.0  1.0  1.0  1.0  1.0   0.0  1.0  1.0  0.0  -0.5  0.5  0.5  -0.5
-Z7 2    2.0  2.0  0.0  0.0  0.0  0.0  0.0  0.0

 kpoint  R : 0.0 0.5 0.5  : 1 2 5 6
-R5 2    2.0  0.0  0.0  0.0

 kpoint  X : 0.0 0.5 0.0  : 1 2 5 6
-X2 1    1.0  1.0  1.0  1.0   0.0  -0.5  0.0  -0.5
-X3 1    1.0  1.0  1.0  1.0   0.0  0.5  1.0  -0.5
-X4 1    1.0  1.0  1.0  1.0   0.0  -0.5  1.0  0.5
-X5 1    1.0  1.0  1.0  1.0   0.0  0.5  0.0  0.5
