SG=167
 name=R-3c 
 nsym= 12
 spinor=False
symmetries=
1 0 0   0 1 0   0 0 1     0.0 0.0 0.0
0 -1 0   1 -1 0   0 0 1     0.0 0.0 0.0
-1 1 0   -1 0 0   0 0 1     0.0 0.0 0.0
0 1 0   1 0 0   0 0 -1     0.0 0.0 0.5
1 -1 0   0 -1 0   0 0 -1     0.0 0.0 0.5
-1 0 0   -1 1 0   0 0 -1     0.0 0.0 0.5
-1 0 0   0 -1 0   0 0 -1     0.0 0.0 0.0
0 1 0   -1 1 0   0 0 -1     0.0 0.0 0.0
1 -1 0   1 0 0   0 0 -1     0.0 0.0 0.0
0 -1 0   -1 0 0   0 0 1     0.0 0.0 0.5
-1 1 0   0 1 0   0 0 1     0.0 0.0 0.5
1 0 0   1 -1 0   0 0 1     0.0 0.0 0.5


 kpoint  GM : 0.0 0.0 0.0  : 1 2 3 4 5 6 7 8 9 10 11 12
GM1+ 1    1.0  1.0  1.0  1.0  1.0  1.0  1.0  1.0  1.0  1.0  1.0  1.0
GM1- 1    1.0  1.0  1.0  1.0  1.0  1.0  -1.0  -1.0  -1.0  -1.0  -1.0  -1.0
GM2+ 1    1.0  1.0  1.0  -1.0  -1.0  -1.0  1.0  1.0  1.0  -1.0  -1.0  -1.0
GM2- 1    1.0  1.0  1.0  -1.0  -1.0  -1.0  -1.0  -1.0  -1.0  1.0  1.0  1.0
GM3+ 2    2.0  -1.0  -1.0  0.0  0.0  0.0  2.0  -1.0  -1.0  0.0  0.0  0.0
GM3- 2    2.0  -1.0  -1.0  0.0  0.0  0.0  -2.0  1.0  1.0  0.0  0.0  0.0

 kpoint  T : 0.0 0.0 1.5  : 1 2 3 4 5 6 7 8 9 10 11 12
T1 2    2.0  1.0  1.0  0.0  0.0  0.0  0.0  1.73205  1.73205  0.0  0.0  0.0   0.0  1.0  1.0  0.0  0.0  0.0  0.5  -0.5  0.5  0.0  0.0  0.0
T2 2    2.0  1.0  1.0  0.0  0.0  0.0  0.0  1.73205  1.73205  0.0  0.0  0.0   0.0  1.0  1.0  0.0  0.0  0.0  0.5  0.5  -0.5  0.0  0.0  0.0
T3 2    2.0  2.0  2.0  0.0  0.0  0.0  0.0  0.0  0.0  0.0  0.0  0.0

 kpoint  F : 0.0 0.5 1.0  : 1 5 7 11
F1+ 1    1.0  1.0  1.0  1.0
F1- 1    1.0  1.0  -1.0  -1.0
F2+ 1    1.0  -1.0  1.0  -1.0
F2- 1    1.0  -1.0  -1.0  1.0

 kpoint  L : -0.5 0.5 0.5  : 1 4 7 10
L1 2    2.0  0.0  0.0  0.0
