SG=196
 name=F23 
 nsym= 12
 spinor=True
symmetries=
1 0 0   0 1 0   0 0 1     0.0 0.0 0.0      1.0  0.0  0.0  1.0    0.0  0.0  0.0  0.0
-1 0 0   0 -1 0   0 0 1     0.0 0.0 0.0      1.0  0.0  0.0  1.0    -0.5  0.0  0.0  0.5
-1 0 0   0 1 0   0 0 -1     0.0 0.0 0.0      0.0  1.0  1.0  0.0    0.0  1.0  0.0  0.0
1 0 0   0 -1 0   0 0 -1     0.0 0.0 0.0      0.0  1.0  1.0  0.0    0.0  -0.5  -0.5  0.0
0 0 1   1 0 0   0 1 0     0.0 0.0 0.0      0.70711  0.70711  0.70711  0.70711    -0.25  -0.75  -0.25  0.25
0 0 1   -1 0 0   0 -1 0     0.0 0.0 0.0      0.70711  0.70711  0.70711  0.70711    0.25  0.75  0.25  -0.25
0 0 -1   -1 0 0   0 1 0     0.0 0.0 0.0      0.70711  0.70711  0.70711  0.70711    0.25  -0.25  -0.75  -0.25
0 0 -1   1 0 0   0 -1 0     0.0 0.0 0.0      0.70711  0.70711  0.70711  0.70711    -0.25  0.25  0.75  0.25
0 1 0   0 0 1   1 0 0     0.0 0.0 0.0      0.70711  0.70711  0.70711  0.70711    0.25  0.25  0.75  -0.25
0 -1 0   0 0 1   -1 0 0     0.0 0.0 0.0      0.70711  0.70711  0.70711  0.70711    -0.25  0.75  0.25  0.25
0 1 0   0 0 -1   -1 0 0     0.0 0.0 0.0      0.70711  0.70711  0.70711  0.70711    0.25  -0.75  -0.25  -0.25
0 -1 0   0 0 -1   1 0 0     0.0 0.0 0.0      0.70711  0.70711  0.70711  0.70711    -0.25  -0.25  -0.75  0.25


 kpoint  GM : 0.0 0.0 0.0  : 1 2 3 4 5 6 7 8 9 10 11 12
-GM5 2    2.0  0.0  0.0  0.0  1.0  1.0  1.0  1.0  1.0  1.0  1.0  1.0
-GM6 2    2.0  0.0  0.0  0.0  1.0  1.0  1.0  1.0  1.0  1.0  1.0  1.0   0.0  0.0  0.0  0.0  0.66667  0.66667  0.66667  0.66667  -0.66667  -0.66667  -0.66667  -0.66667
-GM7 2    2.0  0.0  0.0  0.0  1.0  1.0  1.0  1.0  1.0  1.0  1.0  1.0   0.0  0.0  0.0  0.0  -0.66667  -0.66667  -0.66667  -0.66667  0.66667  0.66667  0.66667  0.66667

 kpoint  X : 0.0 1.0 0.0  : 1 2 3 4
-X5 2    2.0  0.0  0.0  0.0

 kpoint  L : 0.5 0.5 0.5  : 1 5 9
-L4 1    1.0  -1.0  -1.0
-L5 1    1.0  1.0  1.0   0.0  -0.33333  0.33333
-L6 1    1.0  1.0  1.0   0.0  0.33333  -0.33333

 kpoint  W : 0.5 1.0 0.0  : 1 4
-W3 1    1.0  1.0   0.0  -0.5
-W4 1    1.0  1.0   0.0  0.5
