SG=70
 name=Fddd 
 nsym= 8
 spinor=True
symmetries=
1 0 0   0 1 0   0 0 1     0.0 0.0 0.0      1.0  0.0  0.0  1.0    0.0  0.0  0.0  0.0
-1 0 0   0 -1 0   0 0 1     0.25 0.25 0.0      1.0  0.0  0.0  1.0    -0.5  0.0  0.0  0.5
-1 0 0   0 1 0   0 0 -1     0.25 0.0 0.25      0.0  1.0  1.0  0.0    0.0  1.0  0.0  0.0
1 0 0   0 -1 0   0 0 -1     0.0 0.25 0.25      0.0  1.0  1.0  0.0    0.0  -0.5  -0.5  0.0
-1 0 0   0 -1 0   0 0 -1     0.0 0.0 0.0      1.0  0.0  0.0  1.0    0.0  0.0  0.0  0.0
1 0 0   0 1 0   0 0 -1     0.25 0.25 0.0      1.0  0.0  0.0  1.0    -0.5  0.0  0.0  0.5
1 0 0   0 -1 0   0 0 1     0.25 0.0 0.25      0.0  1.0  1.0  0.0    0.0  1.0  0.0  0.0
-1 0 0   0 1 0   0 0 1     0.0 0.25 0.25      0.0  1.0  1.0  0.0    0.0  -0.5  -0.5  0.0


 kpoint  GM : 0.0 0.0 0.0  : 1 2 3 4 5 6 7 8
-GM5 2    2.0  0.0  0.0  0.0  2.0  0.0  0.0  0.0
-GM6 2    2.0  0.0  0.0  0.0  -2.0  0.0  0.0  0.0

 kpoint  T : 1.0 0.0 0.0  : 1 2 3 4 5 6 7 8
-T3 2    2.0  0.0  0.0  0.0  0.0  0.0  0.0  2.0   0.0  0.0  0.0  0.0  0.5  0.0  0.0  -0.5
-T4 2    2.0  0.0  0.0  0.0  0.0  0.0  0.0  2.0   0.0  0.0  0.0  0.0  0.5  0.0  0.0  0.5

 kpoint  Y : 0.0 1.0 0.0  : 1 2 3 4 5 6 7 8
-Y3 2    2.0  0.0  0.0  0.0  0.0  0.0  2.0  0.0   0.0  0.0  0.0  0.0  0.5  0.0  -0.5  0.0
-Y4 2    2.0  0.0  0.0  0.0  0.0  0.0  2.0  0.0   0.0  0.0  0.0  0.0  0.5  0.0  0.5  0.0

 kpoint  Z : 0.0 0.0 1.0  : 1 2 3 4 5 6 7 8
-Z3 2    2.0  0.0  0.0  0.0  0.0  2.0  0.0  0.0   0.0  0.0  0.0  0.0  0.5  -0.5  0.0  0.0
-Z4 2    2.0  0.0  0.0  0.0  0.0  2.0  0.0  0.0   0.0  0.0  0.0  0.0  0.5  0.5  0.0  0.0

 kpoint  L : 0.5 0.5 0.5  : 1 5
-L2 1    1.0  1.0
-L3 1    1.0  -1.0
