SG=120
 name=I-4c2 
 nsym= 8
 spinor=True
symmetries=
1 0 0   0 1 0   0 0 1     0.0 0.0 0.0      1.0  0.0  0.0  1.0    0.0  0.0  0.0  0.0
-1 0 0   0 -1 0   0 0 1     0.0 0.0 0.0      1.0  0.0  0.0  1.0    -0.5  0.0  0.0  0.5
0 1 0   -1 0 0   0 0 -1     0.0 0.0 0.0      1.0  0.0  0.0  1.0    -0.25  0.0  0.0  0.25
0 -1 0   1 0 0   0 0 -1     0.0 0.0 0.0      1.0  0.0  0.0  1.0    0.25  0.0  0.0  -0.25
1 0 0   0 -1 0   0 0 1     0.0 0.0 0.5      0.0  1.0  1.0  0.0    0.0  1.0  0.0  0.0
-1 0 0   0 1 0   0 0 1     0.0 0.0 0.5      0.0  1.0  1.0  0.0    0.0  -0.5  -0.5  0.0
0 1 0   1 0 0   0 0 -1     0.0 0.0 0.5      0.0  1.0  1.0  0.0    0.0  -0.75  -0.25  0.0
0 -1 0   -1 0 0   0 0 -1     0.0 0.0 0.5      0.0  1.0  1.0  0.0    0.0  0.75  0.25  0.0


 kpoint  GM : 0.0 0.0 0.0  : 1 2 3 4 5 6 7 8
-GM6 2    2.0  0.0  -1.41421  -1.41421  0.0  0.0  0.0  0.0
-GM7 2    2.0  0.0  1.41421  1.41421  0.0  0.0  0.0  0.0

 kpoint  M : 1.0 1.0 1.0  : 1 2 3 4 5 6 7 8
-M6 2    2.0  0.0  -1.41421  -1.41421  0.0  0.0  0.0  0.0
-M7 2    2.0  0.0  1.41421  1.41421  0.0  0.0  0.0  0.0

 kpoint  P : 0.5 0.5 0.5  : 1 2 3 4
-P5 1    1.0  1.0  1.0  1.0   0.0  -0.5  0.75  -0.75
-P6 1    1.0  1.0  1.0  1.0   0.0  -0.5  -0.25  0.25
-P7 1    1.0  1.0  1.0  1.0   0.0  0.5  -0.75  0.75
-P8 1    1.0  1.0  1.0  1.0   0.0  0.5  0.25  -0.25

 kpoint  X : 0.5 0.5 0.0  : 1 2 7 8
-X5 2    2.0  0.0  0.0  0.0

 kpoint  N : 0.5 0.0 0.5  : 1 5
-N3 1    1.0  1.0
-N4 1    1.0  -1.0
