SG=154
 name=P3221 
 nsym= 6
 spinor=False
symmetries=
1 0 0   0 1 0   0 0 1     0.0 0.0 0.0
0 -1 0   1 -1 0   0 0 1     0.0 0.0 0.66667
-1 1 0   -1 0 0   0 0 1     0.0 0.0 0.33333
0 1 0   1 0 0   0 0 -1     0.0 0.0 0.0
1 -1 0   0 -1 0   0 0 -1     0.0 0.0 0.33333
-1 0 0   -1 1 0   0 0 -1     0.0 0.0 0.66667


 kpoint  A : 0.0 0.0 0.5  : 1 2 3 4 5 6
A1 1    1.0  1.0  -1.0  -1.0  1.0  -1.0
A2 1    1.0  1.0  -1.0  1.0  -1.0  1.0
A3 2    2.0  -1.0  1.0  0.0  0.0  0.0

 kpoint  GM : 0.0 0.0 0.0  : 1 2 3 4 5 6
GM1 1    1.0  1.0  1.0  1.0  1.0  1.0
GM2 1    1.0  1.0  1.0  -1.0  -1.0  -1.0
GM3 2    2.0  -1.0  -1.0  0.0  0.0  0.0

 kpoint  H : 0.333333 0.333333 0.5  : 1 2 3 4 5 6
H1 1    1.0  1.0  -1.0  -1.0  1.0  -1.0
H2 1    1.0  1.0  -1.0  1.0  -1.0  1.0
H3 2    2.0  -1.0  1.0  0.0  0.0  0.0

 kpoint  K : 0.333333 0.333333 0.0  : 1 2 3 4 5 6
K1 1    1.0  1.0  1.0  1.0  1.0  1.0
K2 1    1.0  1.0  1.0  -1.0  -1.0  -1.0
K3 2    2.0  -1.0  -1.0  0.0  0.0  0.0

 kpoint  L : 0.5 0.0 0.5  : 1 6
L1 1    1.0  1.0
L2 1    1.0  -1.0

 kpoint  M : 0.5 0.0 0.0  : 1 6
M1 1    1.0  1.0
M2 1    1.0  -1.0
