SG=128
 name=P4/mnc 
 nsym= 16
 spinor=True
symmetries=
1 0 0   0 1 0   0 0 1     0.0 0.0 0.0      1.0  0.0  0.0  1.0    0.0  0.0  0.0  0.0
-1 0 0   0 -1 0   0 0 1     0.0 0.0 0.0      1.0  0.0  0.0  1.0    -0.5  0.0  0.0  0.5
0 -1 0   1 0 0   0 0 1     0.0 0.0 0.0      1.0  0.0  0.0  1.0    -0.25  0.0  0.0  0.25
0 1 0   -1 0 0   0 0 1     0.0 0.0 0.0      1.0  0.0  0.0  1.0    0.25  0.0  0.0  -0.25
-1 0 0   0 1 0   0 0 -1     0.5 0.5 0.5      0.0  1.0  1.0  0.0    0.0  1.0  0.0  0.0
1 0 0   0 -1 0   0 0 -1     0.5 0.5 0.5      0.0  1.0  1.0  0.0    0.0  -0.5  -0.5  0.0
0 1 0   1 0 0   0 0 -1     0.5 0.5 0.5      0.0  1.0  1.0  0.0    0.0  -0.75  -0.25  0.0
0 -1 0   -1 0 0   0 0 -1     0.5 0.5 0.5      0.0  1.0  1.0  0.0    0.0  0.75  0.25  0.0
-1 0 0   0 -1 0   0 0 -1     0.0 0.0 0.0      1.0  0.0  0.0  1.0    0.0  0.0  0.0  0.0
1 0 0   0 1 0   0 0 -1     0.0 0.0 0.0      1.0  0.0  0.0  1.0    -0.5  0.0  0.0  0.5
0 1 0   -1 0 0   0 0 -1     0.0 0.0 0.0      1.0  0.0  0.0  1.0    -0.25  0.0  0.0  0.25
0 -1 0   1 0 0   0 0 -1     0.0 0.0 0.0      1.0  0.0  0.0  1.0    0.25  0.0  0.0  -0.25
1 0 0   0 -1 0   0 0 1     0.5 0.5 0.5      0.0  1.0  1.0  0.0    0.0  1.0  0.0  0.0
-1 0 0   0 1 0   0 0 1     0.5 0.5 0.5      0.0  1.0  1.0  0.0    0.0  -0.5  -0.5  0.0
0 -1 0   -1 0 0   0 0 1     0.5 0.5 0.5      0.0  1.0  1.0  0.0    0.0  -0.75  -0.25  0.0
0 1 0   1 0 0   0 0 1     0.5 0.5 0.5      0.0  1.0  1.0  0.0    0.0  0.75  0.25  0.0


 kpoint  A : 0.5 0.5 0.5  : 1 2 3 4 5 6 7 8 9 10 11 12 13 14 15 16
-A5 2    2.0  0.0  1.41421  1.41421  0.0  0.0  0.0  0.0  0.0  2.0  1.41421  1.41421  0.0  0.0  0.0  0.0   0.0  0.0  0.5  -0.5  0.0  0.0  0.0  0.0  0.5  -0.5  1.0  1.0  0.0  0.0  0.0  0.0
-A6 2    2.0  0.0  1.41421  1.41421  0.0  0.0  0.0  0.0  0.0  2.0  1.41421  1.41421  0.0  0.0  0.0  0.0   0.0  0.0  -0.5  0.5  0.0  0.0  0.0  0.0  0.5  -0.5  0.0  0.0  0.0  0.0  0.0  0.0
-A7 2    2.0  0.0  1.41421  1.41421  0.0  0.0  0.0  0.0  0.0  2.0  1.41421  1.41421  0.0  0.0  0.0  0.0   0.0  0.0  -0.5  0.5  0.0  0.0  0.0  0.0  0.5  0.5  1.0  1.0  0.0  0.0  0.0  0.0
-A8 2    2.0  0.0  1.41421  1.41421  0.0  0.0  0.0  0.0  0.0  2.0  1.41421  1.41421  0.0  0.0  0.0  0.0   0.0  0.0  0.5  -0.5  0.0  0.0  0.0  0.0  0.5  0.5  0.0  0.0  0.0  0.0  0.0  0.0

 kpoint  GM : 0.0 0.0 0.0  : 1 2 3 4 5 6 7 8 9 10 11 12 13 14 15 16
-GM6 2    2.0  0.0  -1.41421  -1.41421  0.0  0.0  0.0  0.0  2.0  0.0  -1.41421  -1.41421  0.0  0.0  0.0  0.0
-GM7 2    2.0  0.0  1.41421  1.41421  0.0  0.0  0.0  0.0  2.0  0.0  1.41421  1.41421  0.0  0.0  0.0  0.0
-GM8 2    2.0  0.0  -1.41421  -1.41421  0.0  0.0  0.0  0.0  -2.0  0.0  1.41421  1.41421  0.0  0.0  0.0  0.0
-GM9 2    2.0  0.0  1.41421  1.41421  0.0  0.0  0.0  0.0  -2.0  0.0  -1.41421  -1.41421  0.0  0.0  0.0  0.0

 kpoint  M : 0.5 0.5 0.0  : 1 2 3 4 5 6 7 8 9 10 11 12 13 14 15 16
-M6 2    2.0  0.0  1.41421  1.41421  0.0  0.0  0.0  0.0  2.0  0.0  1.41421  1.41421  0.0  0.0  0.0  0.0   0.0  0.0  0.5  -0.5  0.0  0.0  0.0  0.0  0.0  0.0  0.5  -0.5  0.0  0.0  0.0  0.0
-M7 2    2.0  0.0  1.41421  1.41421  0.0  0.0  0.0  0.0  2.0  0.0  1.41421  1.41421  0.0  0.0  0.0  0.0   0.0  0.0  -0.5  0.5  0.0  0.0  0.0  0.0  0.0  0.0  -0.5  0.5  0.0  0.0  0.0  0.0
-M8 2    2.0  0.0  1.41421  1.41421  0.0  0.0  0.0  0.0  2.0  0.0  1.41421  1.41421  0.0  0.0  0.0  0.0   0.0  0.0  0.5  -0.5  0.0  0.0  0.0  0.0  1.0  0.0  -0.5  0.5  0.0  0.0  0.0  0.0
-M9 2    2.0  0.0  1.41421  1.41421  0.0  0.0  0.0  0.0  2.0  0.0  1.41421  1.41421  0.0  0.0  0.0  0.0   0.0  0.0  -0.5  0.5  0.0  0.0  0.0  0.0  1.0  0.0  0.5  -0.5  0.0  0.0  0.0  0.0

 kpoint  Z : 0.0 0.0 0.5  : 1 2 3 4 5 6 7 8 9 10 11 12 13 14 15 16
-Z5 2    2.0  0.0  1.41421  1.41421  0.0  0.0  0.0  0.0  0.0  2.0  1.41421  1.41421  0.0  0.0  0.0  0.0   0.0  0.0  1.0  1.0  0.0  0.0  0.0  0.0  0.5  -0.5  0.5  -0.5  0.0  0.0  0.0  0.0
-Z6 2    2.0  0.0  1.41421  1.41421  0.0  0.0  0.0  0.0  0.0  2.0  1.41421  1.41421  0.0  0.0  0.0  0.0   0.0  0.0  0.0  0.0  0.0  0.0  0.0  0.0  0.5  -0.5  -0.5  0.5  0.0  0.0  0.0  0.0
-Z7 2    2.0  0.0  1.41421  1.41421  0.0  0.0  0.0  0.0  0.0  2.0  1.41421  1.41421  0.0  0.0  0.0  0.0   0.0  0.0  1.0  1.0  0.0  0.0  0.0  0.0  0.5  0.5  -0.5  0.5  0.0  0.0  0.0  0.0
-Z8 2    2.0  0.0  1.41421  1.41421  0.0  0.0  0.0  0.0  0.0  2.0  1.41421  1.41421  0.0  0.0  0.0  0.0   0.0  0.0  0.0  0.0  0.0  0.0  0.0  0.0  0.5  0.5  0.5  -0.5  0.0  0.0  0.0  0.0

 kpoint  R : 0.0 0.5 0.5  : 1 2 5 6 9 10 13 14
-R2 1    1.0  1.0  1.0  1.0  1.0  1.0  1.0  1.0   0.0  -0.5  0.0  -0.5  0.0  -0.5  0.0  -0.5
-R3 1    1.0  1.0  1.0  1.0  1.0  1.0  1.0  1.0   0.0  0.5  1.0  -0.5  0.0  0.5  1.0  -0.5
-R4 1    1.0  1.0  1.0  1.0  1.0  1.0  1.0  1.0   0.0  -0.5  1.0  0.5  0.0  -0.5  1.0  0.5
-R5 1    1.0  1.0  1.0  1.0  1.0  1.0  1.0  1.0   0.0  0.5  0.0  0.5  0.0  0.5  0.0  0.5
-R6 1    1.0  1.0  1.0  1.0  1.0  1.0  1.0  1.0   0.0  -0.5  0.0  -0.5  1.0  0.5  1.0  0.5
-R7 1    1.0  1.0  1.0  1.0  1.0  1.0  1.0  1.0   0.0  0.5  1.0  -0.5  1.0  -0.5  0.0  0.5
-R8 1    1.0  1.0  1.0  1.0  1.0  1.0  1.0  1.0   0.0  -0.5  1.0  0.5  1.0  0.5  0.0  -0.5
-R9 1    1.0  1.0  1.0  1.0  1.0  1.0  1.0  1.0   0.0  0.5  0.0  0.5  1.0  -0.5  1.0  -0.5

 kpoint  X : 0.0 0.5 0.0  : 1 2 5 6 9 10 13 14
-X3 2    2.0  2.0  0.0  0.0  0.0  0.0  0.0  0.0   0.0  -0.5  0.0  0.0  0.5  0.0  0.0  0.0
-X4 2    2.0  2.0  0.0  0.0  0.0  0.0  0.0  0.0   0.0  0.5  0.0  0.0  0.5  0.0  0.0  0.0
