SG=227
 name=Fd-3m 
 nsym= 48
 spinor=False
symmetries=
1 0 0   0 1 0   0 0 1     0.0 0.0 0.0
-1 0 0   0 -1 0   0 0 1     0.25 0.25 0.0
-1 0 0   0 1 0   0 0 -1     0.25 0.0 0.25
1 0 0   0 -1 0   0 0 -1     0.0 0.25 0.25
0 0 1   1 0 0   0 1 0     0.0 0.0 0.0
0 0 1   -1 0 0   0 -1 0     0.0 0.25 0.25
0 0 -1   -1 0 0   0 1 0     0.25 0.25 0.0
0 0 -1   1 0 0   0 -1 0     0.25 0.0 0.25
0 1 0   0 0 1   1 0 0     0.0 0.0 0.0
0 -1 0   0 0 1   -1 0 0     0.25 0.0 0.25
0 1 0   0 0 -1   -1 0 0     0.0 0.25 0.25
0 -1 0   0 0 -1   1 0 0     0.25 0.25 0.0
0 1 0   1 0 0   0 0 -1     0.25 0.25 0.0
0 -1 0   -1 0 0   0 0 -1     0.0 0.0 0.0
0 1 0   -1 0 0   0 0 1     0.25 0.0 0.25
0 -1 0   1 0 0   0 0 1     0.0 0.25 0.25
1 0 0   0 0 1   0 -1 0     0.25 0.25 0.0
-1 0 0   0 0 1   0 1 0     0.0 0.25 0.25
-1 0 0   0 0 -1   0 -1 0     0.0 0.0 0.0
1 0 0   0 0 -1   0 1 0     0.25 0.0 0.25
0 0 1   0 1 0   -1 0 0     0.25 0.25 0.0
0 0 1   0 -1 0   1 0 0     0.25 0.0 0.25
0 0 -1   0 1 0   1 0 0     0.0 0.25 0.25
0 0 -1   0 -1 0   -1 0 0     0.0 0.0 0.0
-1 0 0   0 -1 0   0 0 -1     0.0 0.0 0.0
1 0 0   0 1 0   0 0 -1     0.25 0.25 0.0
1 0 0   0 -1 0   0 0 1     0.25 0.0 0.25
-1 0 0   0 1 0   0 0 1     0.0 0.25 0.25
0 0 -1   -1 0 0   0 -1 0     0.0 0.0 0.0
0 0 -1   1 0 0   0 1 0     0.0 0.25 0.25
0 0 1   1 0 0   0 -1 0     0.25 0.25 0.0
0 0 1   -1 0 0   0 1 0     0.25 0.0 0.25
0 -1 0   0 0 -1   -1 0 0     0.0 0.0 0.0
0 1 0   0 0 -1   1 0 0     0.25 0.0 0.25
0 -1 0   0 0 1   1 0 0     0.0 0.25 0.25
0 1 0   0 0 1   -1 0 0     0.25 0.25 0.0
0 -1 0   -1 0 0   0 0 1     0.25 0.25 0.0
0 1 0   1 0 0   0 0 1     0.0 0.0 0.0
0 -1 0   1 0 0   0 0 -1     0.25 0.0 0.25
0 1 0   -1 0 0   0 0 -1     0.0 0.25 0.25
-1 0 0   0 0 -1   0 1 0     0.25 0.25 0.0
1 0 0   0 0 -1   0 -1 0     0.0 0.25 0.25
1 0 0   0 0 1   0 1 0     0.0 0.0 0.0
-1 0 0   0 0 1   0 -1 0     0.25 0.0 0.25
0 0 -1   0 -1 0   1 0 0     0.25 0.25 0.0
0 0 -1   0 1 0   -1 0 0     0.25 0.0 0.25
0 0 1   0 -1 0   -1 0 0     0.0 0.25 0.25
0 0 1   0 1 0   1 0 0     0.0 0.0 0.0


 kpoint  GM : 0.0 0.0 0.0  : 1 2 3 4 5 6 7 8 9 10 11 12 13 14 15 16 17 18 19 20 21 22 23 24 25 26 27 28 29 30 31 32 33 34 35 36 37 38 39 40 41 42 43 44 45 46 47 48
GM1+ 1    1.0  1.0  1.0  1.0  1.0  1.0  1.0  1.0  1.0  1.0  1.0  1.0  1.0  1.0  1.0  1.0  1.0  1.0  1.0  1.0  1.0  1.0  1.0  1.0  1.0  1.0  1.0  1.0  1.0  1.0  1.0  1.0  1.0  1.0  1.0  1.0  1.0  1.0  1.0  1.0  1.0  1.0  1.0  1.0  1.0  1.0  1.0  1.0
GM1- 1    1.0  1.0  1.0  1.0  1.0  1.0  1.0  1.0  1.0  1.0  1.0  1.0  1.0  1.0  1.0  1.0  1.0  1.0  1.0  1.0  1.0  1.0  1.0  1.0  -1.0  -1.0  -1.0  -1.0  -1.0  -1.0  -1.0  -1.0  -1.0  -1.0  -1.0  -1.0  -1.0  -1.0  -1.0  -1.0  -1.0  -1.0  -1.0  -1.0  -1.0  -1.0  -1.0  -1.0
GM2+ 1    1.0  1.0  1.0  1.0  1.0  1.0  1.0  1.0  1.0  1.0  1.0  1.0  -1.0  -1.0  -1.0  -1.0  -1.0  -1.0  -1.0  -1.0  -1.0  -1.0  -1.0  -1.0  1.0  1.0  1.0  1.0  1.0  1.0  1.0  1.0  1.0  1.0  1.0  1.0  -1.0  -1.0  -1.0  -1.0  -1.0  -1.0  -1.0  -1.0  -1.0  -1.0  -1.0  -1.0
GM2- 1    1.0  1.0  1.0  1.0  1.0  1.0  1.0  1.0  1.0  1.0  1.0  1.0  -1.0  -1.0  -1.0  -1.0  -1.0  -1.0  -1.0  -1.0  -1.0  -1.0  -1.0  -1.0  -1.0  -1.0  -1.0  -1.0  -1.0  -1.0  -1.0  -1.0  -1.0  -1.0  -1.0  -1.0  1.0  1.0  1.0  1.0  1.0  1.0  1.0  1.0  1.0  1.0  1.0  1.0
GM3+ 2    2.0  2.0  2.0  2.0  -1.0  -1.0  -1.0  -1.0  -1.0  -1.0  -1.0  -1.0  0.0  0.0  0.0  0.0  0.0  0.0  0.0  0.0  0.0  0.0  0.0  0.0  2.0  2.0  2.0  2.0  -1.0  -1.0  -1.0  -1.0  -1.0  -1.0  -1.0  -1.0  0.0  0.0  0.0  0.0  0.0  0.0  0.0  0.0  0.0  0.0  0.0  0.0
GM3- 2    2.0  2.0  2.0  2.0  -1.0  -1.0  -1.0  -1.0  -1.0  -1.0  -1.0  -1.0  0.0  0.0  0.0  0.0  0.0  0.0  0.0  0.0  0.0  0.0  0.0  0.0  -2.0  -2.0  -2.0  -2.0  1.0  1.0  1.0  1.0  1.0  1.0  1.0  1.0  0.0  0.0  0.0  0.0  0.0  0.0  0.0  0.0  0.0  0.0  0.0  0.0
GM4+ 3    3.0  -1.0  -1.0  -1.0  0.0  0.0  0.0  0.0  0.0  0.0  0.0  0.0  -1.0  -1.0  1.0  1.0  1.0  -1.0  -1.0  1.0  1.0  -1.0  1.0  -1.0  3.0  -1.0  -1.0  -1.0  0.0  0.0  0.0  0.0  0.0  0.0  0.0  0.0  -1.0  -1.0  1.0  1.0  1.0  -1.0  -1.0  1.0  1.0  -1.0  1.0  -1.0
GM4- 3    3.0  -1.0  -1.0  -1.0  0.0  0.0  0.0  0.0  0.0  0.0  0.0  0.0  -1.0  -1.0  1.0  1.0  1.0  -1.0  -1.0  1.0  1.0  -1.0  1.0  -1.0  -3.0  1.0  1.0  1.0  0.0  0.0  0.0  0.0  0.0  0.0  0.0  0.0  1.0  1.0  -1.0  -1.0  -1.0  1.0  1.0  -1.0  -1.0  1.0  -1.0  1.0
GM5+ 3    3.0  -1.0  -1.0  -1.0  0.0  0.0  0.0  0.0  0.0  0.0  0.0  0.0  1.0  1.0  -1.0  -1.0  -1.0  1.0  1.0  -1.0  -1.0  1.0  -1.0  1.0  3.0  -1.0  -1.0  -1.0  0.0  0.0  0.0  0.0  0.0  0.0  0.0  0.0  1.0  1.0  -1.0  -1.0  -1.0  1.0  1.0  -1.0  -1.0  1.0  -1.0  1.0
GM5- 3    3.0  -1.0  -1.0  -1.0  0.0  0.0  0.0  0.0  0.0  0.0  0.0  0.0  1.0  1.0  -1.0  -1.0  -1.0  1.0  1.0  -1.0  -1.0  1.0  -1.0  1.0  -3.0  1.0  1.0  1.0  0.0  0.0  0.0  0.0  0.0  0.0  0.0  0.0  -1.0  -1.0  1.0  1.0  1.0  -1.0  -1.0  1.0  1.0  -1.0  1.0  -1.0

 kpoint  X : 0.0 1.0 0.0  : 1 2 3 4 21 22 23 24 25 26 27 28 45 46 47 48
X1 2    2.0  0.0  2.0  0.0  0.0  0.0  0.0  0.0  0.0  0.0  0.0  0.0  0.0  2.0  0.0  2.0
X2 2    2.0  0.0  2.0  0.0  0.0  0.0  0.0  0.0  0.0  0.0  0.0  0.0  0.0  -2.0  0.0  -2.0
X3 2    2.0  0.0  -2.0  0.0  0.0  -2.0  0.0  2.0  0.0  0.0  0.0  0.0  0.0  0.0  0.0  0.0
X4 2    2.0  0.0  -2.0  0.0  0.0  2.0  0.0  -2.0  0.0  0.0  0.0  0.0  0.0  0.0  0.0  0.0

 kpoint  L : 0.5 0.5 0.5  : 1 5 9 14 19 24 25 29 33 38 43 48
L1+ 1    1.0  1.0  1.0  1.0  1.0  1.0  1.0  1.0  1.0  1.0  1.0  1.0
L1- 1    1.0  1.0  1.0  1.0  1.0  1.0  -1.0  -1.0  -1.0  -1.0  -1.0  -1.0
L2+ 1    1.0  1.0  1.0  -1.0  -1.0  -1.0  1.0  1.0  1.0  -1.0  -1.0  -1.0
L2- 1    1.0  1.0  1.0  -1.0  -1.0  -1.0  -1.0  -1.0  -1.0  1.0  1.0  1.0
L3+ 2    2.0  -1.0  -1.0  0.0  0.0  0.0  2.0  -1.0  -1.0  0.0  0.0  0.0
L3- 2    2.0  -1.0  -1.0  0.0  0.0  0.0  -2.0  1.0  1.0  0.0  0.0  0.0

 kpoint  W : 0.5 1.0 0.0  : 1 4 18 19 26 27 41 44
W1 2    2.0  0.0  0.0  0.0  0.0  0.0  1.41421  1.41421   0.0  0.5  0.0  0.0  0.0  0.0  -0.25  0.25
W2 2    2.0  0.0  0.0  0.0  0.0  0.0  1.41421  1.41421   0.0  0.5  0.0  0.0  0.0  0.0  0.75  -0.75
