SG=205
 name=Pa-3 
 nsym= 24
 spinor=True
symmetries=
1 0 0   0 1 0   0 0 1     0.0 0.0 0.0      1.0  0.0  0.0  1.0    0.0  0.0  0.0  0.0
-1 0 0   0 -1 0   0 0 1     0.5 0.0 0.5      1.0  0.0  0.0  1.0    -0.5  0.0  0.0  0.5
-1 0 0   0 1 0   0 0 -1     0.0 0.5 0.5      0.0  1.0  1.0  0.0    0.0  1.0  0.0  0.0
1 0 0   0 -1 0   0 0 -1     0.5 0.5 0.0      0.0  1.0  1.0  0.0    0.0  -0.5  -0.5  0.0
0 0 1   1 0 0   0 1 0     0.0 0.0 0.0      0.70711  0.70711  0.70711  0.70711    -0.25  -0.75  -0.25  0.25
0 0 1   -1 0 0   0 -1 0     0.5 0.5 0.0      0.70711  0.70711  0.70711  0.70711    0.25  0.75  0.25  -0.25
0 0 -1   -1 0 0   0 1 0     0.5 0.0 0.5      0.70711  0.70711  0.70711  0.70711    0.25  -0.25  -0.75  -0.25
0 0 -1   1 0 0   0 -1 0     0.0 0.5 0.5      0.70711  0.70711  0.70711  0.70711    -0.25  0.25  0.75  0.25
0 1 0   0 0 1   1 0 0     0.0 0.0 0.0      0.70711  0.70711  0.70711  0.70711    0.25  0.25  0.75  -0.25
0 -1 0   0 0 1   -1 0 0     0.0 0.5 0.5      0.70711  0.70711  0.70711  0.70711    -0.25  0.75  0.25  0.25
0 1 0   0 0 -1   -1 0 0     0.5 0.5 0.0      0.70711  0.70711  0.70711  0.70711    0.25  -0.75  -0.25  -0.25
0 -1 0   0 0 -1   1 0 0     0.5 0.0 0.5      0.70711  0.70711  0.70711  0.70711    -0.25  -0.25  -0.75  0.25
-1 0 0   0 -1 0   0 0 -1     0.0 0.0 0.0      1.0  0.0  0.0  1.0    0.0  0.0  0.0  0.0
1 0 0   0 1 0   0 0 -1     0.5 0.0 0.5      1.0  0.0  0.0  1.0    -0.5  0.0  0.0  0.5
1 0 0   0 -1 0   0 0 1     0.0 0.5 0.5      0.0  1.0  1.0  0.0    0.0  1.0  0.0  0.0
-1 0 0   0 1 0   0 0 1     0.5 0.5 0.0      0.0  1.0  1.0  0.0    0.0  -0.5  -0.5  0.0
0 0 -1   -1 0 0   0 -1 0     0.0 0.0 0.0      0.70711  0.70711  0.70711  0.70711    -0.25  -0.75  -0.25  0.25
0 0 -1   1 0 0   0 1 0     0.5 0.5 0.0      0.70711  0.70711  0.70711  0.70711    0.25  0.75  0.25  -0.25
0 0 1   1 0 0   0 -1 0     0.5 0.0 0.5      0.70711  0.70711  0.70711  0.70711    0.25  -0.25  -0.75  -0.25
0 0 1   -1 0 0   0 1 0     0.0 0.5 0.5      0.70711  0.70711  0.70711  0.70711    -0.25  0.25  0.75  0.25
0 -1 0   0 0 -1   -1 0 0     0.0 0.0 0.0      0.70711  0.70711  0.70711  0.70711    0.25  0.25  0.75  -0.25
0 1 0   0 0 -1   1 0 0     0.0 0.5 0.5      0.70711  0.70711  0.70711  0.70711    -0.25  0.75  0.25  0.25
0 -1 0   0 0 1   1 0 0     0.5 0.5 0.0      0.70711  0.70711  0.70711  0.70711    0.25  -0.75  -0.25  -0.25
0 1 0   0 0 1   -1 0 0     0.5 0.0 0.5      0.70711  0.70711  0.70711  0.70711    -0.25  -0.25  -0.75  0.25


 kpoint  GM : 0.0 0.0 0.0  : 1 2 3 4 5 6 7 8 9 10 11 12 13 14 15 16 17 18 19 20 21 22 23 24
-GM5 2    2.0  0.0  0.0  0.0  1.0  1.0  1.0  1.0  1.0  1.0  1.0  1.0  2.0  0.0  0.0  0.0  1.0  1.0  1.0  1.0  1.0  1.0  1.0  1.0
-GM6 2    2.0  0.0  0.0  0.0  1.0  1.0  1.0  1.0  1.0  1.0  1.0  1.0  2.0  0.0  0.0  0.0  1.0  1.0  1.0  1.0  1.0  1.0  1.0  1.0   0.0  0.0  0.0  0.0  0.66667  0.66667  0.66667  0.66667  -0.66667  -0.66667  -0.66667  -0.66667  0.0  0.0  0.0  0.0  0.66667  0.66667  0.66667  0.66667  -0.66667  -0.66667  -0.66667  -0.66667
-GM7 2    2.0  0.0  0.0  0.0  1.0  1.0  1.0  1.0  1.0  1.0  1.0  1.0  2.0  0.0  0.0  0.0  1.0  1.0  1.0  1.0  1.0  1.0  1.0  1.0   0.0  0.0  0.0  0.0  -0.66667  -0.66667  -0.66667  -0.66667  0.66667  0.66667  0.66667  0.66667  0.0  0.0  0.0  0.0  -0.66667  -0.66667  -0.66667  -0.66667  0.66667  0.66667  0.66667  0.66667
-GM8 2    2.0  0.0  0.0  0.0  1.0  1.0  1.0  1.0  1.0  1.0  1.0  1.0  -2.0  0.0  0.0  0.0  -1.0  -1.0  -1.0  -1.0  -1.0  -1.0  -1.0  -1.0
-GM9 2    2.0  0.0  0.0  0.0  1.0  1.0  1.0  1.0  1.0  1.0  1.0  1.0  2.0  0.0  0.0  0.0  1.0  1.0  1.0  1.0  1.0  1.0  1.0  1.0   0.0  0.0  0.0  0.0  0.66667  0.66667  0.66667  0.66667  -0.66667  -0.66667  -0.66667  -0.66667  1.0  0.0  0.0  0.0  -0.33333  -0.33333  -0.33333  -0.33333  0.33333  0.33333  0.33333  0.33333
-GM10 2    2.0  0.0  0.0  0.0  1.0  1.0  1.0  1.0  1.0  1.0  1.0  1.0  2.0  0.0  0.0  0.0  1.0  1.0  1.0  1.0  1.0  1.0  1.0  1.0   0.0  0.0  0.0  0.0  -0.66667  -0.66667  -0.66667  -0.66667  0.66667  0.66667  0.66667  0.66667  1.0  0.0  0.0  0.0  0.33333  0.33333  0.33333  0.33333  -0.33333  -0.33333  -0.33333  -0.33333

 kpoint  R : 0.5 0.5 0.5  : 1 2 3 4 5 6 7 8 9 10 11 12 13 14 15 16 17 18 19 20 21 22 23 24
-R4 1    1.0  -1.0  -1.0  -1.0  -1.0  -1.0  -1.0  -1.0  -1.0  1.0  1.0  1.0  1.0  -1.0  -1.0  -1.0  -1.0  -1.0  -1.0  -1.0  -1.0  1.0  1.0  1.0
-R5 1    1.0  1.0  1.0  1.0  1.0  1.0  1.0  1.0  1.0  1.0  1.0  1.0  1.0  1.0  1.0  1.0  1.0  1.0  1.0  1.0  1.0  1.0  1.0  1.0   0.0  1.0  1.0  1.0  -0.33333  -0.33333  -0.33333  -0.33333  0.33333  -0.66667  -0.66667  -0.66667  0.0  1.0  1.0  1.0  -0.33333  -0.33333  -0.33333  -0.33333  0.33333  -0.66667  -0.66667  -0.66667
-R6 1    1.0  1.0  1.0  1.0  1.0  1.0  1.0  1.0  1.0  1.0  1.0  1.0  1.0  1.0  1.0  1.0  1.0  1.0  1.0  1.0  1.0  1.0  1.0  1.0   0.0  1.0  1.0  1.0  0.33333  0.33333  0.33333  0.33333  -0.33333  0.66667  0.66667  0.66667  0.0  1.0  1.0  1.0  0.33333  0.33333  0.33333  0.33333  -0.33333  0.66667  0.66667  0.66667
-R7 1    1.0  -1.0  -1.0  -1.0  -1.0  -1.0  -1.0  -1.0  -1.0  1.0  1.0  1.0  -1.0  1.0  1.0  1.0  1.0  1.0  1.0  1.0  1.0  -1.0  -1.0  -1.0
-R8 1    1.0  1.0  1.0  1.0  1.0  1.0  1.0  1.0  1.0  1.0  1.0  1.0  1.0  1.0  1.0  1.0  1.0  1.0  1.0  1.0  1.0  1.0  1.0  1.0   0.0  1.0  1.0  1.0  -0.33333  -0.33333  -0.33333  -0.33333  0.33333  -0.66667  -0.66667  -0.66667  1.0  0.0  0.0  0.0  0.66667  0.66667  0.66667  0.66667  -0.66667  0.33333  0.33333  0.33333
-R9 1    1.0  1.0  1.0  1.0  1.0  1.0  1.0  1.0  1.0  1.0  1.0  1.0  1.0  1.0  1.0  1.0  1.0  1.0  1.0  1.0  1.0  1.0  1.0  1.0   0.0  1.0  1.0  1.0  0.33333  0.33333  0.33333  0.33333  -0.33333  0.66667  0.66667  0.66667  1.0  0.0  0.0  0.0  -0.66667  -0.66667  -0.66667  -0.66667  0.66667  -0.33333  -0.33333  -0.33333
-R10 3    3.0  1.0  1.0  1.0  0.0  0.0  0.0  0.0  0.0  0.0  0.0  0.0  3.0  1.0  1.0  1.0  0.0  0.0  0.0  0.0  0.0  0.0  0.0  0.0
-R11 3    3.0  1.0  1.0  1.0  0.0  0.0  0.0  0.0  0.0  0.0  0.0  0.0  -3.0  -1.0  -1.0  -1.0  0.0  0.0  0.0  0.0  0.0  0.0  0.0  0.0

 kpoint  M : 0.5 0.5 0.0  : 1 2 3 4 13 14 15 16
-M3 2    2.0  0.0  0.0  0.0  0.0  0.0  0.0  2.0
-M4 2    2.0  0.0  0.0  0.0  0.0  0.0  0.0  -2.0

 kpoint  X : 0.0 0.5 0.0  : 1 2 3 4 13 14 15 16
-X3 2    2.0  2.0  0.0  0.0  0.0  0.0  0.0  0.0   0.0  -0.5  0.0  0.0  0.5  0.0  0.0  0.0
-X4 2    2.0  2.0  0.0  0.0  0.0  0.0  0.0  0.0   0.0  0.5  0.0  0.0  0.5  0.0  0.0  0.0
