SG=175
 name=P6/m 
 nsym= 12
 spinor=True
symmetries=
1 0 0   0 1 0   0 0 1     0.0 0.0 0.0      1.0  0.0  0.0  1.0    0.0  0.0  0.0  0.0
0 -1 0   1 -1 0   0 0 1     0.0 0.0 0.0      1.0  0.0  0.0  1.0    0.33333  0.0  0.0  -0.33333
-1 1 0   -1 0 0   0 0 1     0.0 0.0 0.0      1.0  0.0  0.0  1.0    -0.33333  0.0  0.0  0.33333
-1 0 0   0 -1 0   0 0 1     0.0 0.0 0.0      1.0  0.0  0.0  1.0    -0.5  0.0  0.0  0.5
0 1 0   -1 1 0   0 0 1     0.0 0.0 0.0      1.0  0.0  0.0  1.0    -0.16667  0.0  0.0  0.16667
1 -1 0   1 0 0   0 0 1     0.0 0.0 0.0      1.0  0.0  0.0  1.0    0.16667  0.0  0.0  -0.16667
-1 0 0   0 -1 0   0 0 -1     0.0 0.0 0.0      1.0  0.0  0.0  1.0    0.0  0.0  0.0  0.0
0 1 0   -1 1 0   0 0 -1     0.0 0.0 0.0      1.0  0.0  0.0  1.0    0.33333  0.0  0.0  -0.33333
1 -1 0   1 0 0   0 0 -1     0.0 0.0 0.0      1.0  0.0  0.0  1.0    -0.33333  0.0  0.0  0.33333
1 0 0   0 1 0   0 0 -1     0.0 0.0 0.0      1.0  0.0  0.0  1.0    -0.5  0.0  0.0  0.5
0 -1 0   1 -1 0   0 0 -1     0.0 0.0 0.0      1.0  0.0  0.0  1.0    -0.16667  0.0  0.0  0.16667
-1 1 0   -1 0 0   0 0 -1     0.0 0.0 0.0      1.0  0.0  0.0  1.0    0.16667  0.0  0.0  -0.16667


 kpoint  A : 0.0 0.0 0.5  : 1 2 3 4 5 6 7 8 9 10 11 12
-A7 1    1.0  1.0  1.0  1.0  1.0  1.0  1.0  1.0  1.0  1.0  1.0  1.0   0.0  1.0  1.0  -0.5  0.5  -0.5  0.0  1.0  1.0  -0.5  0.5  -0.5
-A8 1    1.0  1.0  1.0  1.0  1.0  1.0  1.0  1.0  1.0  1.0  1.0  1.0   0.0  1.0  1.0  0.5  -0.5  0.5  0.0  1.0  1.0  0.5  -0.5  0.5
-A9 1    1.0  1.0  1.0  1.0  1.0  1.0  1.0  1.0  1.0  1.0  1.0  1.0   0.0  -0.33333  0.33333  -0.5  -0.83333  0.83333  0.0  -0.33333  0.33333  -0.5  -0.83333  0.83333
-A10 1    1.0  1.0  1.0  1.0  1.0  1.0  1.0  1.0  1.0  1.0  1.0  1.0   0.0  -0.33333  0.33333  0.5  0.16667  -0.16667  0.0  -0.33333  0.33333  0.5  0.16667  -0.16667
-A11 1    1.0  1.0  1.0  1.0  1.0  1.0  1.0  1.0  1.0  1.0  1.0  1.0   0.0  0.33333  -0.33333  -0.5  -0.16667  0.16667  0.0  0.33333  -0.33333  -0.5  -0.16667  0.16667
-A12 1    1.0  1.0  1.0  1.0  1.0  1.0  1.0  1.0  1.0  1.0  1.0  1.0   0.0  0.33333  -0.33333  0.5  0.83333  -0.83333  0.0  0.33333  -0.33333  0.5  0.83333  -0.83333
-A13 1    1.0  1.0  1.0  1.0  1.0  1.0  1.0  1.0  1.0  1.0  1.0  1.0   0.0  1.0  1.0  -0.5  0.5  -0.5  1.0  0.0  0.0  0.5  -0.5  0.5
-A14 1    1.0  1.0  1.0  1.0  1.0  1.0  1.0  1.0  1.0  1.0  1.0  1.0   0.0  1.0  1.0  0.5  -0.5  0.5  1.0  0.0  0.0  -0.5  0.5  -0.5
-A15 1    1.0  1.0  1.0  1.0  1.0  1.0  1.0  1.0  1.0  1.0  1.0  1.0   0.0  -0.33333  0.33333  -0.5  -0.83333  0.83333  1.0  0.66667  -0.66667  0.5  0.16667  -0.16667
-A16 1    1.0  1.0  1.0  1.0  1.0  1.0  1.0  1.0  1.0  1.0  1.0  1.0   0.0  -0.33333  0.33333  0.5  0.16667  -0.16667  1.0  0.66667  -0.66667  -0.5  -0.83333  0.83333
-A17 1    1.0  1.0  1.0  1.0  1.0  1.0  1.0  1.0  1.0  1.0  1.0  1.0   0.0  0.33333  -0.33333  -0.5  -0.16667  0.16667  1.0  -0.66667  0.66667  0.5  0.83333  -0.83333
-A18 1    1.0  1.0  1.0  1.0  1.0  1.0  1.0  1.0  1.0  1.0  1.0  1.0   0.0  0.33333  -0.33333  0.5  0.83333  -0.83333  1.0  -0.66667  0.66667  -0.5  -0.16667  0.16667

 kpoint  GM : 0.0 0.0 0.0  : 1 2 3 4 5 6 7 8 9 10 11 12
-GM7 1    1.0  1.0  1.0  1.0  1.0  1.0  1.0  1.0  1.0  1.0  1.0  1.0   0.0  1.0  1.0  -0.5  0.5  -0.5  0.0  1.0  1.0  -0.5  0.5  -0.5
-GM8 1    1.0  1.0  1.0  1.0  1.0  1.0  1.0  1.0  1.0  1.0  1.0  1.0   0.0  1.0  1.0  0.5  -0.5  0.5  0.0  1.0  1.0  0.5  -0.5  0.5
-GM9 1    1.0  1.0  1.0  1.0  1.0  1.0  1.0  1.0  1.0  1.0  1.0  1.0   0.0  -0.33333  0.33333  -0.5  -0.83333  0.83333  0.0  -0.33333  0.33333  -0.5  -0.83333  0.83333
-GM10 1    1.0  1.0  1.0  1.0  1.0  1.0  1.0  1.0  1.0  1.0  1.0  1.0   0.0  -0.33333  0.33333  0.5  0.16667  -0.16667  0.0  -0.33333  0.33333  0.5  0.16667  -0.16667
-GM11 1    1.0  1.0  1.0  1.0  1.0  1.0  1.0  1.0  1.0  1.0  1.0  1.0   0.0  0.33333  -0.33333  -0.5  -0.16667  0.16667  0.0  0.33333  -0.33333  -0.5  -0.16667  0.16667
-GM12 1    1.0  1.0  1.0  1.0  1.0  1.0  1.0  1.0  1.0  1.0  1.0  1.0   0.0  0.33333  -0.33333  0.5  0.83333  -0.83333  0.0  0.33333  -0.33333  0.5  0.83333  -0.83333
-GM13 1    1.0  1.0  1.0  1.0  1.0  1.0  1.0  1.0  1.0  1.0  1.0  1.0   0.0  1.0  1.0  -0.5  0.5  -0.5  1.0  0.0  0.0  0.5  -0.5  0.5
-GM14 1    1.0  1.0  1.0  1.0  1.0  1.0  1.0  1.0  1.0  1.0  1.0  1.0   0.0  1.0  1.0  0.5  -0.5  0.5  1.0  0.0  0.0  -0.5  0.5  -0.5
-GM15 1    1.0  1.0  1.0  1.0  1.0  1.0  1.0  1.0  1.0  1.0  1.0  1.0   0.0  -0.33333  0.33333  -0.5  -0.83333  0.83333  1.0  0.66667  -0.66667  0.5  0.16667  -0.16667
-GM16 1    1.0  1.0  1.0  1.0  1.0  1.0  1.0  1.0  1.0  1.0  1.0  1.0   0.0  -0.33333  0.33333  0.5  0.16667  -0.16667  1.0  0.66667  -0.66667  -0.5  -0.83333  0.83333
-GM17 1    1.0  1.0  1.0  1.0  1.0  1.0  1.0  1.0  1.0  1.0  1.0  1.0   0.0  0.33333  -0.33333  -0.5  -0.16667  0.16667  1.0  -0.66667  0.66667  0.5  0.83333  -0.83333
-GM18 1    1.0  1.0  1.0  1.0  1.0  1.0  1.0  1.0  1.0  1.0  1.0  1.0   0.0  0.33333  -0.33333  0.5  0.83333  -0.83333  1.0  -0.66667  0.66667  -0.5  -0.16667  0.16667

 kpoint  H : 0.333333 0.333333 0.5  : 1 2 3 10 11 12
-H7 1    1.0  1.0  1.0  1.0  1.0  1.0   0.0  1.0  1.0  -0.5  0.5  -0.5
-H8 1    1.0  1.0  1.0  1.0  1.0  1.0   0.0  1.0  1.0  0.5  -0.5  0.5
-H9 1    1.0  1.0  1.0  1.0  1.0  1.0   0.0  -0.33333  0.33333  -0.5  -0.83333  0.83333
-H10 1    1.0  1.0  1.0  1.0  1.0  1.0   0.0  -0.33333  0.33333  0.5  0.16667  -0.16667
-H11 1    1.0  1.0  1.0  1.0  1.0  1.0   0.0  0.33333  -0.33333  -0.5  -0.16667  0.16667
-H12 1    1.0  1.0  1.0  1.0  1.0  1.0   0.0  0.33333  -0.33333  0.5  0.83333  -0.83333

 kpoint  K : 0.333333 0.333333 0.0  : 1 2 3 10 11 12
-K7 1    1.0  1.0  1.0  1.0  1.0  1.0   0.0  1.0  1.0  -0.5  0.5  -0.5
-K8 1    1.0  1.0  1.0  1.0  1.0  1.0   0.0  1.0  1.0  0.5  -0.5  0.5
-K9 1    1.0  1.0  1.0  1.0  1.0  1.0   0.0  -0.33333  0.33333  -0.5  -0.83333  0.83333
-K10 1    1.0  1.0  1.0  1.0  1.0  1.0   0.0  -0.33333  0.33333  0.5  0.16667  -0.16667
-K11 1    1.0  1.0  1.0  1.0  1.0  1.0   0.0  0.33333  -0.33333  -0.5  -0.16667  0.16667
-K12 1    1.0  1.0  1.0  1.0  1.0  1.0   0.0  0.33333  -0.33333  0.5  0.83333  -0.83333

 kpoint  L : 0.5 0.0 0.5  : 1 4 7 10
-L3 1    1.0  1.0  1.0  1.0   0.0  -0.5  0.0  -0.5
-L4 1    1.0  1.0  1.0  1.0   0.0  0.5  0.0  0.5
-L5 1    1.0  1.0  1.0  1.0   0.0  -0.5  1.0  0.5
-L6 1    1.0  1.0  1.0  1.0   0.0  0.5  1.0  -0.5

 kpoint  M : 0.5 0.0 0.0  : 1 4 7 10
-M3 1    1.0  1.0  1.0  1.0   0.0  -0.5  0.0  -0.5
-M4 1    1.0  1.0  1.0  1.0   0.0  0.5  0.0  0.5
-M5 1    1.0  1.0  1.0  1.0   0.0  -0.5  1.0  0.5
-M6 1    1.0  1.0  1.0  1.0   0.0  0.5  1.0  -0.5
