SG=164
 name=P-3m1 
 nsym= 12
 spinor=True
symmetries=
1 0 0   0 1 0   0 0 1     0.0 0.0 0.0      1.0  0.0  0.0  1.0    0.0  0.0  0.0  0.0
0 -1 0   1 -1 0   0 0 1     0.0 0.0 0.0      1.0  0.0  0.0  1.0    0.33333  0.0  0.0  -0.33333
-1 1 0   -1 0 0   0 0 1     0.0 0.0 0.0      1.0  0.0  0.0  1.0    -0.33333  0.0  0.0  0.33333
0 1 0   1 0 0   0 0 -1     0.0 0.0 0.0      0.0  1.0  1.0  0.0    0.0  -0.66667  -0.33333  0.0
1 -1 0   0 -1 0   0 0 -1     0.0 0.0 0.0      0.0  1.0  1.0  0.0    0.0  1.0  0.0  0.0
-1 0 0   -1 1 0   0 0 -1     0.0 0.0 0.0      0.0  1.0  1.0  0.0    0.0  0.66667  0.33333  0.0
-1 0 0   0 -1 0   0 0 -1     0.0 0.0 0.0      1.0  0.0  0.0  1.0    0.0  0.0  0.0  0.0
0 1 0   -1 1 0   0 0 -1     0.0 0.0 0.0      1.0  0.0  0.0  1.0    0.33333  0.0  0.0  -0.33333
1 -1 0   1 0 0   0 0 -1     0.0 0.0 0.0      1.0  0.0  0.0  1.0    -0.33333  0.0  0.0  0.33333
0 -1 0   -1 0 0   0 0 1     0.0 0.0 0.0      0.0  1.0  1.0  0.0    0.0  -0.66667  -0.33333  0.0
-1 1 0   0 1 0   0 0 1     0.0 0.0 0.0      0.0  1.0  1.0  0.0    0.0  1.0  0.0  0.0
1 0 0   1 -1 0   0 0 1     0.0 0.0 0.0      0.0  1.0  1.0  0.0    0.0  0.66667  0.33333  0.0


 kpoint  A : 0.0 0.0 0.5  : 1 2 3 4 5 6 7 8 9 10 11 12
-A4 1    1.0  1.0  1.0  1.0  1.0  1.0  1.0  1.0  1.0  1.0  1.0  1.0   0.0  1.0  1.0  -0.5  0.5  -0.5  0.0  1.0  1.0  -0.5  0.5  -0.5
-A5 1    1.0  1.0  1.0  1.0  1.0  1.0  1.0  1.0  1.0  1.0  1.0  1.0   0.0  1.0  1.0  0.5  -0.5  0.5  0.0  1.0  1.0  0.5  -0.5  0.5
-A6 1    1.0  1.0  1.0  1.0  1.0  1.0  1.0  1.0  1.0  1.0  1.0  1.0   0.0  1.0  1.0  -0.5  0.5  -0.5  1.0  0.0  0.0  0.5  -0.5  0.5
-A7 1    1.0  1.0  1.0  1.0  1.0  1.0  1.0  1.0  1.0  1.0  1.0  1.0   0.0  1.0  1.0  0.5  -0.5  0.5  1.0  0.0  0.0  -0.5  0.5  -0.5
-A8 2    2.0  1.0  1.0  0.0  0.0  0.0  2.0  1.0  1.0  0.0  0.0  0.0
-A9 2    2.0  1.0  1.0  0.0  0.0  0.0  -2.0  -1.0  -1.0  0.0  0.0  0.0

 kpoint  GM : 0.0 0.0 0.0  : 1 2 3 4 5 6 7 8 9 10 11 12
-GM4 1    1.0  1.0  1.0  1.0  1.0  1.0  1.0  1.0  1.0  1.0  1.0  1.0   0.0  1.0  1.0  -0.5  0.5  -0.5  0.0  1.0  1.0  -0.5  0.5  -0.5
-GM5 1    1.0  1.0  1.0  1.0  1.0  1.0  1.0  1.0  1.0  1.0  1.0  1.0   0.0  1.0  1.0  0.5  -0.5  0.5  0.0  1.0  1.0  0.5  -0.5  0.5
-GM6 1    1.0  1.0  1.0  1.0  1.0  1.0  1.0  1.0  1.0  1.0  1.0  1.0   0.0  1.0  1.0  -0.5  0.5  -0.5  1.0  0.0  0.0  0.5  -0.5  0.5
-GM7 1    1.0  1.0  1.0  1.0  1.0  1.0  1.0  1.0  1.0  1.0  1.0  1.0   0.0  1.0  1.0  0.5  -0.5  0.5  1.0  0.0  0.0  -0.5  0.5  -0.5
-GM8 2    2.0  1.0  1.0  0.0  0.0  0.0  2.0  1.0  1.0  0.0  0.0  0.0
-GM9 2    2.0  1.0  1.0  0.0  0.0  0.0  -2.0  -1.0  -1.0  0.0  0.0  0.0

 kpoint  H : 0.333333 0.333333 0.5  : 1 2 3 4 5 6
-H4 1    1.0  1.0  1.0  1.0  1.0  1.0   0.0  1.0  1.0  -0.5  0.5  -0.5
-H5 1    1.0  1.0  1.0  1.0  1.0  1.0   0.0  1.0  1.0  0.5  -0.5  0.5
-H6 2    2.0  1.0  1.0  0.0  0.0  0.0

 kpoint  K : 0.333333 0.333333 0.0  : 1 2 3 4 5 6
-K4 1    1.0  1.0  1.0  1.0  1.0  1.0   0.0  1.0  1.0  -0.5  0.5  -0.5
-K5 1    1.0  1.0  1.0  1.0  1.0  1.0   0.0  1.0  1.0  0.5  -0.5  0.5
-K6 2    2.0  1.0  1.0  0.0  0.0  0.0

 kpoint  L : 0.5 0.0 0.5  : 1 6 7 12
-L3 1    1.0  1.0  1.0  1.0   0.0  -0.5  0.0  -0.5
-L4 1    1.0  1.0  1.0  1.0   0.0  0.5  0.0  0.5
-L5 1    1.0  1.0  1.0  1.0   0.0  -0.5  1.0  0.5
-L6 1    1.0  1.0  1.0  1.0   0.0  0.5  1.0  -0.5

 kpoint  M : 0.5 0.0 0.0  : 1 6 7 12
-M3 1    1.0  1.0  1.0  1.0   0.0  -0.5  0.0  -0.5
-M4 1    1.0  1.0  1.0  1.0   0.0  0.5  0.0  0.5
-M5 1    1.0  1.0  1.0  1.0   0.0  -0.5  1.0  0.5
-M6 1    1.0  1.0  1.0  1.0   0.0  0.5  1.0  -0.5
