SG=190
 name=P-62c 
 nsym= 12
 spinor=False
symmetries=
1 0 0   0 1 0   0 0 1     0.0 0.0 0.0
0 -1 0   1 -1 0   0 0 1     0.0 0.0 0.0
-1 1 0   -1 0 0   0 0 1     0.0 0.0 0.0
1 0 0   0 1 0   0 0 -1     0.0 0.0 0.5
0 -1 0   1 -1 0   0 0 -1     0.0 0.0 0.5
-1 1 0   -1 0 0   0 0 -1     0.0 0.0 0.5
0 1 0   1 0 0   0 0 -1     0.0 0.0 0.0
1 -1 0   0 -1 0   0 0 -1     0.0 0.0 0.0
-1 0 0   -1 1 0   0 0 -1     0.0 0.0 0.0
0 1 0   1 0 0   0 0 1     0.0 0.0 0.5
1 -1 0   0 -1 0   0 0 1     0.0 0.0 0.5
-1 0 0   -1 1 0   0 0 1     0.0 0.0 0.5


 kpoint  A : 0.0 0.0 0.5  : 1 2 3 4 5 6 7 8 9 10 11 12
A1 2    2.0  1.0  1.0  0.0  1.73205  1.73205  0.0  0.0  0.0  0.0  0.0  0.0   0.0  1.0  1.0  0.5  0.5  -0.5  0.0  0.0  0.0  0.0  0.0  0.0
A2 2    2.0  1.0  1.0  0.0  1.73205  1.73205  0.0  0.0  0.0  0.0  0.0  0.0   0.0  1.0  1.0  0.5  -0.5  0.5  0.0  0.0  0.0  0.0  0.0  0.0
A3 2    2.0  2.0  2.0  0.0  0.0  0.0  0.0  0.0  0.0  0.0  0.0  0.0

 kpoint  GM : 0.0 0.0 0.0  : 1 2 3 4 5 6 7 8 9 10 11 12
GM1 1    1.0  1.0  1.0  1.0  1.0  1.0  1.0  1.0  1.0  1.0  1.0  1.0
GM2 1    1.0  1.0  1.0  -1.0  -1.0  -1.0  1.0  1.0  1.0  -1.0  -1.0  -1.0
GM3 1    1.0  1.0  1.0  -1.0  -1.0  -1.0  -1.0  -1.0  -1.0  1.0  1.0  1.0
GM4 1    1.0  1.0  1.0  1.0  1.0  1.0  -1.0  -1.0  -1.0  -1.0  -1.0  -1.0
GM5 2    2.0  -1.0  -1.0  2.0  -1.0  -1.0  0.0  0.0  0.0  0.0  0.0  0.0
GM6 2    2.0  -1.0  -1.0  -2.0  1.0  1.0  0.0  0.0  0.0  0.0  0.0  0.0

 kpoint  H : 0.333333 0.333333 0.5  : 1 2 3 4 5 6 7 8 9 10 11 12
H1 2    2.0  1.0  1.0  0.0  1.73205  1.73205  0.0  0.0  0.0  0.0  0.0  0.0   0.0  1.0  1.0  0.5  0.5  -0.5  0.0  0.0  0.0  0.0  0.0  0.0
H2 2    2.0  1.0  1.0  0.0  1.73205  1.73205  0.0  0.0  0.0  0.0  0.0  0.0   0.0  1.0  1.0  0.5  -0.5  0.5  0.0  0.0  0.0  0.0  0.0  0.0
H3 2    2.0  2.0  2.0  0.0  0.0  0.0  0.0  0.0  0.0  0.0  0.0  0.0

 kpoint  K : 0.333333 0.333333 0.0  : 1 2 3 4 5 6 7 8 9 10 11 12
K1 1    1.0  1.0  1.0  1.0  1.0  1.0  1.0  1.0  1.0  1.0  1.0  1.0
K2 1    1.0  1.0  1.0  -1.0  -1.0  -1.0  1.0  1.0  1.0  -1.0  -1.0  -1.0
K3 1    1.0  1.0  1.0  -1.0  -1.0  -1.0  -1.0  -1.0  -1.0  1.0  1.0  1.0
K4 1    1.0  1.0  1.0  1.0  1.0  1.0  -1.0  -1.0  -1.0  -1.0  -1.0  -1.0
K5 2    2.0  -1.0  -1.0  2.0  -1.0  -1.0  0.0  0.0  0.0  0.0  0.0  0.0
K6 2    2.0  -1.0  -1.0  -2.0  1.0  1.0  0.0  0.0  0.0  0.0  0.0  0.0

 kpoint  L : 0.5 0.0 0.5  : 1 4 9 12
L1 2    2.0  0.0  0.0  0.0

 kpoint  M : 0.5 0.0 0.0  : 1 4 9 12
M1 1    1.0  1.0  1.0  1.0
M2 1    1.0  -1.0  1.0  -1.0
M3 1    1.0  -1.0  -1.0  1.0
M4 1    1.0  1.0  -1.0  -1.0
