SG=26
 name=Pmc21 
 nsym= 4
 spinor=False
symmetries=
1 0 0   0 1 0   0 0 1     0.0 0.0 0.0
-1 0 0   0 -1 0   0 0 1     0.0 0.0 0.5
1 0 0   0 -1 0   0 0 1     0.0 0.0 0.5
-1 0 0   0 1 0   0 0 1     0.0 0.0 0.0


 kpoint  GM : 0.0 0.0 0.0  : 1 2 3 4
GM1 1    1.0  1.0  1.0  1.0
GM2 1    1.0  1.0  -1.0  -1.0
GM3 1    1.0  -1.0  -1.0  1.0
GM4 1    1.0  -1.0  1.0  -1.0

 kpoint  R : 0.5 0.5 0.5  : 1 2 3 4
R1 1    1.0  1.0  1.0  1.0   0.0  0.5  0.5  0.0
R2 1    1.0  1.0  1.0  1.0   0.0  0.5  -0.5  1.0
R3 1    1.0  1.0  1.0  1.0   0.0  -0.5  -0.5  0.0
R4 1    1.0  1.0  1.0  1.0   0.0  -0.5  0.5  1.0

 kpoint  S : 0.5 0.5 0.0  : 1 2 3 4
S1 1    1.0  1.0  1.0  1.0
S2 1    1.0  1.0  -1.0  -1.0
S3 1    1.0  -1.0  -1.0  1.0
S4 1    1.0  -1.0  1.0  -1.0

 kpoint  T : 0.0 0.5 0.5  : 1 2 3 4
T1 1    1.0  1.0  1.0  1.0   0.0  0.5  0.5  0.0
T2 1    1.0  1.0  1.0  1.0   0.0  0.5  -0.5  1.0
T3 1    1.0  1.0  1.0  1.0   0.0  -0.5  -0.5  0.0
T4 1    1.0  1.0  1.0  1.0   0.0  -0.5  0.5  1.0

 kpoint  U : 0.5 0.0 0.5  : 1 2 3 4
U1 1    1.0  1.0  1.0  1.0   0.0  0.5  0.5  0.0
U2 1    1.0  1.0  1.0  1.0   0.0  0.5  -0.5  1.0
U3 1    1.0  1.0  1.0  1.0   0.0  -0.5  -0.5  0.0
U4 1    1.0  1.0  1.0  1.0   0.0  -0.5  0.5  1.0

 kpoint  X : 0.5 0.0 0.0  : 1 2 3 4
X1 1    1.0  1.0  1.0  1.0
X2 1    1.0  1.0  -1.0  -1.0
X3 1    1.0  -1.0  -1.0  1.0
X4 1    1.0  -1.0  1.0  -1.0

 kpoint  Y : 0.0 0.5 0.0  : 1 2 3 4
Y1 1    1.0  1.0  1.0  1.0
Y2 1    1.0  1.0  -1.0  -1.0
Y3 1    1.0  -1.0  -1.0  1.0
Y4 1    1.0  -1.0  1.0  -1.0

 kpoint  Z : 0.0 0.0 0.5  : 1 2 3 4
Z1 1    1.0  1.0  1.0  1.0   0.0  0.5  0.5  0.0
Z2 1    1.0  1.0  1.0  1.0   0.0  0.5  -0.5  1.0
Z3 1    1.0  1.0  1.0  1.0   0.0  -0.5  -0.5  0.0
Z4 1    1.0  1.0  1.0  1.0   0.0  -0.5  0.5  1.0
