SG=203
 name=Fd-3 
 nsym= 24
 spinor=False
symmetries=
1 0 0   0 1 0   0 0 1     0.0 0.0 0.0
-1 0 0   0 -1 0   0 0 1     0.25 0.25 0.0
-1 0 0   0 1 0   0 0 -1     0.25 0.0 0.25
1 0 0   0 -1 0   0 0 -1     0.0 0.25 0.25
0 0 1   1 0 0   0 1 0     0.0 0.0 0.0
0 0 1   -1 0 0   0 -1 0     0.0 0.25 0.25
0 0 -1   -1 0 0   0 1 0     0.25 0.25 0.0
0 0 -1   1 0 0   0 -1 0     0.25 0.0 0.25
0 1 0   0 0 1   1 0 0     0.0 0.0 0.0
0 -1 0   0 0 1   -1 0 0     0.25 0.0 0.25
0 1 0   0 0 -1   -1 0 0     0.0 0.25 0.25
0 -1 0   0 0 -1   1 0 0     0.25 0.25 0.0
-1 0 0   0 -1 0   0 0 -1     0.0 0.0 0.0
1 0 0   0 1 0   0 0 -1     0.25 0.25 0.0
1 0 0   0 -1 0   0 0 1     0.25 0.0 0.25
-1 0 0   0 1 0   0 0 1     0.0 0.25 0.25
0 0 -1   -1 0 0   0 -1 0     0.0 0.0 0.0
0 0 -1   1 0 0   0 1 0     0.0 0.25 0.25
0 0 1   1 0 0   0 -1 0     0.25 0.25 0.0
0 0 1   -1 0 0   0 1 0     0.25 0.0 0.25
0 -1 0   0 0 -1   -1 0 0     0.0 0.0 0.0
0 1 0   0 0 -1   1 0 0     0.25 0.0 0.25
0 -1 0   0 0 1   1 0 0     0.0 0.25 0.25
0 1 0   0 0 1   -1 0 0     0.25 0.25 0.0


 kpoint  GM : 0.0 0.0 0.0  : 1 2 3 4 5 6 7 8 9 10 11 12 13 14 15 16 17 18 19 20 21 22 23 24
GM1+ 1    1.0  1.0  1.0  1.0  1.0  1.0  1.0  1.0  1.0  1.0  1.0  1.0  1.0  1.0  1.0  1.0  1.0  1.0  1.0  1.0  1.0  1.0  1.0  1.0
GM1- 1    1.0  1.0  1.0  1.0  1.0  1.0  1.0  1.0  1.0  1.0  1.0  1.0  -1.0  -1.0  -1.0  -1.0  -1.0  -1.0  -1.0  -1.0  -1.0  -1.0  -1.0  -1.0
GM2+ 1    1.0  1.0  1.0  1.0  1.0  1.0  1.0  1.0  1.0  1.0  1.0  1.0  1.0  1.0  1.0  1.0  1.0  1.0  1.0  1.0  1.0  1.0  1.0  1.0   0.0  0.0  0.0  0.0  0.66667  0.66667  0.66667  0.66667  -0.66667  -0.66667  -0.66667  -0.66667  0.0  0.0  0.0  0.0  0.66667  0.66667  0.66667  0.66667  -0.66667  -0.66667  -0.66667  -0.66667
GM2- 1    1.0  1.0  1.0  1.0  1.0  1.0  1.0  1.0  1.0  1.0  1.0  1.0  1.0  1.0  1.0  1.0  1.0  1.0  1.0  1.0  1.0  1.0  1.0  1.0   0.0  0.0  0.0  0.0  0.66667  0.66667  0.66667  0.66667  -0.66667  -0.66667  -0.66667  -0.66667  1.0  1.0  1.0  1.0  -0.33333  -0.33333  -0.33333  -0.33333  0.33333  0.33333  0.33333  0.33333
GM3+ 1    1.0  1.0  1.0  1.0  1.0  1.0  1.0  1.0  1.0  1.0  1.0  1.0  1.0  1.0  1.0  1.0  1.0  1.0  1.0  1.0  1.0  1.0  1.0  1.0   0.0  0.0  0.0  0.0  -0.66667  -0.66667  -0.66667  -0.66667  0.66667  0.66667  0.66667  0.66667  0.0  0.0  0.0  0.0  -0.66667  -0.66667  -0.66667  -0.66667  0.66667  0.66667  0.66667  0.66667
GM3- 1    1.0  1.0  1.0  1.0  1.0  1.0  1.0  1.0  1.0  1.0  1.0  1.0  1.0  1.0  1.0  1.0  1.0  1.0  1.0  1.0  1.0  1.0  1.0  1.0   0.0  0.0  0.0  0.0  -0.66667  -0.66667  -0.66667  -0.66667  0.66667  0.66667  0.66667  0.66667  1.0  1.0  1.0  1.0  0.33333  0.33333  0.33333  0.33333  -0.33333  -0.33333  -0.33333  -0.33333
GM4+ 3    3.0  -1.0  -1.0  -1.0  0.0  0.0  0.0  0.0  0.0  0.0  0.0  0.0  3.0  -1.0  -1.0  -1.0  0.0  0.0  0.0  0.0  0.0  0.0  0.0  0.0
GM4- 3    3.0  -1.0  -1.0  -1.0  0.0  0.0  0.0  0.0  0.0  0.0  0.0  0.0  -3.0  1.0  1.0  1.0  0.0  0.0  0.0  0.0  0.0  0.0  0.0  0.0

 kpoint  X : 0.0 1.0 0.0  : 1 2 3 4 13 14 15 16
X1 2    2.0  0.0  2.0  0.0  0.0  0.0  0.0  0.0
X2 2    2.0  0.0  -2.0  0.0  0.0  0.0  0.0  0.0

 kpoint  L : 0.5 0.5 0.5  : 1 5 9 13 17 21
L1+ 1    1.0  1.0  1.0  1.0  1.0  1.0
L1- 1    1.0  1.0  1.0  -1.0  -1.0  -1.0
L2+ 1    1.0  1.0  1.0  1.0  1.0  1.0   0.0  0.66667  -0.66667  0.0  0.66667  -0.66667
L2- 1    1.0  1.0  1.0  1.0  1.0  1.0   0.0  0.66667  -0.66667  1.0  -0.33333  0.33333
L3+ 1    1.0  1.0  1.0  1.0  1.0  1.0   0.0  -0.66667  0.66667  0.0  -0.66667  0.66667
L3- 1    1.0  1.0  1.0  1.0  1.0  1.0   0.0  -0.66667  0.66667  1.0  0.33333  -0.33333

 kpoint  W : 0.5 1.0 0.0  : 1 4 14 15
W1 2    2.0  0.0  0.0  0.0
