SG=46
 name=Ima2 
 nsym= 4
 spinor=True
symmetries=
1 0 0   0 1 0   0 0 1     0.0 0.0 0.0      1.0  0.0  0.0  1.0    0.0  0.0  0.0  0.0
-1 0 0   0 -1 0   0 0 1     0.0 0.0 0.0      1.0  0.0  0.0  1.0    -0.5  0.0  0.0  0.5
1 0 0   0 -1 0   0 0 1     0.5 0.0 0.0      0.0  1.0  1.0  0.0    0.0  1.0  0.0  0.0
-1 0 0   0 1 0   0 0 1     0.5 0.0 0.0      0.0  1.0  1.0  0.0    0.0  -0.5  -0.5  0.0


 kpoint  GM : 0.0 0.0 0.0  : 1 2 3 4
-GM5 2    2.0  0.0  0.0  0.0

 kpoint  X : 1.0 1.0 1.0  : 1 2 3 4
-X5 2    2.0  0.0  0.0  0.0

 kpoint  R : 0.5 0.0 0.5  : 1 3
-R3 1    1.0  1.0
-R4 1    1.0  -1.0

 kpoint  S : 0.0 0.5 0.5  : 1 4
-S3 1    1.0  1.0   0.0  -0.5
-S4 1    1.0  1.0   0.0  0.5

 kpoint  T : 0.5 0.5 0.0  : 1 2
-T3 1    1.0  1.0   0.0  -0.5
-T4 1    1.0  1.0   0.0  0.5

 kpoint  W : 0.5 0.5 0.5  : 1 2
-W3 1    1.0  1.0   0.0  -0.5
-W4 1    1.0  1.0   0.0  0.5
