SG=229.143
 name=Im-3m'
 nsym=48
 spinor=True
symmetries=
   1 0 0 0 1 0 0 0 1    0 0 0                                                                    1.0 0.0 0.0 1.0    0.0 0.0 0.0 0.0  1
 -1 0 0 0 -1 0 0 0 1    0 0 0                                                                   1.0 0.0 0.0 1.0    -0.5 0.0 0.0 0.5  1
 -1 0 0 0 1 0 0 0 -1    0 0 0                                                                    0.0 1.0 1.0 0.0    0.0 1.0 0.0 0.0  1
 1 0 0 0 -1 0 0 0 -1    0 0 0                                                                  0.0 1.0 1.0 0.0    0.0 -0.5 -0.5 0.0  1
   0 0 1 1 0 0 0 1 0    0 0 0 0.7071067811865476 0.7071067811865476 0.7071067811865476 0.7071067811865476    -0.25 -0.75 -0.25 0.25  1
 0 0 1 -1 0 0 0 -1 0    0 0 0   0.7071067811865476 0.7071067811865476 0.7071067811865476 0.7071067811865476    0.25 0.75 0.25 -0.25  1
 0 0 -1 -1 0 0 0 1 0    0 0 0 0.7071067811865476 0.7071067811865476 0.7071067811865476 0.7071067811865476    0.25 -0.25 -0.75 -0.25  1
 0 0 -1 1 0 0 0 -1 0    0 0 0   0.7071067811865476 0.7071067811865476 0.7071067811865476 0.7071067811865476    -0.25 0.25 0.75 0.25  1
   0 1 0 0 0 1 1 0 0    0 0 0   0.7071067811865476 0.7071067811865476 0.7071067811865476 0.7071067811865476    0.25 0.25 0.75 -0.25  1
 0 -1 0 0 0 1 -1 0 0    0 0 0   0.7071067811865476 0.7071067811865476 0.7071067811865476 0.7071067811865476    -0.25 0.75 0.25 0.25  1
 0 1 0 0 0 -1 -1 0 0    0 0 0 0.7071067811865476 0.7071067811865476 0.7071067811865476 0.7071067811865476    0.25 -0.75 -0.25 -0.25  1
 0 -1 0 0 0 -1 1 0 0    0 0 0 0.7071067811865476 0.7071067811865476 0.7071067811865476 0.7071067811865476    -0.25 -0.25 -0.75 0.25  1
-1 0 0 0 -1 0 0 0 -1    0 0 0                                                                    1.0 0.0 0.0 1.0    0.0 0.0 0.0 0.0  1
  1 0 0 0 1 0 0 0 -1    0 0 0                                                                   1.0 0.0 0.0 1.0    -0.5 0.0 0.0 0.5  1
  1 0 0 0 -1 0 0 0 1    0 0 0                                                                    0.0 1.0 1.0 0.0    0.0 1.0 0.0 0.0  1
  -1 0 0 0 1 0 0 0 1    0 0 0                                                                  0.0 1.0 1.0 0.0    0.0 -0.5 -0.5 0.0  1
0 0 -1 -1 0 0 0 -1 0    0 0 0 0.7071067811865476 0.7071067811865476 0.7071067811865476 0.7071067811865476    -0.25 -0.75 -0.25 0.25  1
  0 0 -1 1 0 0 0 1 0    0 0 0   0.7071067811865476 0.7071067811865476 0.7071067811865476 0.7071067811865476    0.25 0.75 0.25 -0.25  1
  0 0 1 1 0 0 0 -1 0    0 0 0 0.7071067811865476 0.7071067811865476 0.7071067811865476 0.7071067811865476    0.25 -0.25 -0.75 -0.25  1
  0 0 1 -1 0 0 0 1 0    0 0 0   0.7071067811865476 0.7071067811865476 0.7071067811865476 0.7071067811865476    -0.25 0.25 0.75 0.25  1
0 -1 0 0 0 -1 -1 0 0    0 0 0   0.7071067811865476 0.7071067811865476 0.7071067811865476 0.7071067811865476    0.25 0.25 0.75 -0.25  1
  0 1 0 0 0 -1 1 0 0    0 0 0   0.7071067811865476 0.7071067811865476 0.7071067811865476 0.7071067811865476    -0.25 0.75 0.25 0.25  1
  0 -1 0 0 0 1 1 0 0    0 0 0 0.7071067811865476 0.7071067811865476 0.7071067811865476 0.7071067811865476    0.25 -0.75 -0.25 -0.25  1
  0 1 0 0 0 1 -1 0 0    0 0 0 0.7071067811865476 0.7071067811865476 0.7071067811865476 0.7071067811865476    -0.25 -0.25 -0.75 0.25  1
  0 1 0 1 0 0 0 0 -1    0 0 0                                                                0.0 1.0 1.0 0.0    0.0 -0.75 -0.25 0.0 -1
0 -1 0 -1 0 0 0 0 -1    0 0 0                                                                  0.0 1.0 1.0 0.0    0.0 0.75 0.25 0.0 -1
  0 1 0 -1 0 0 0 0 1    0 0 0                                                                 1.0 0.0 0.0 1.0    0.25 0.0 0.0 -0.25 -1
  0 -1 0 1 0 0 0 0 1    0 0 0                                                                 1.0 0.0 0.0 1.0    -0.25 0.0 0.0 0.25 -1
  1 0 0 0 0 1 0 -1 0    0 0 0        0.7071067811865475 0.7071067811865475 0.7071067811865475 0.7071067811865475    0.0 0.5 0.5 0.0 -1
  -1 0 0 0 0 1 0 1 0    0 0 0       0.7071067811865475 0.7071067811865475 0.7071067811865475 0.7071067811865475    0.5 0.0 1.0 -0.5 -1
-1 0 0 0 0 -1 0 -1 0    0 0 0       0.7071067811865475 0.7071067811865475 0.7071067811865475 0.7071067811865475    -0.5 0.0 1.0 0.5 -1
  1 0 0 0 0 -1 0 1 0    0 0 0      0.7071067811865475 0.7071067811865475 0.7071067811865475 0.7071067811865475    0.0 -0.5 -0.5 0.0 -1
  0 0 1 0 1 0 -1 0 0    0 0 0        0.7071067811865475 0.7071067811865475 0.7071067811865475 0.7071067811865475    0.0 1.0 0.0 0.0 -1
  0 0 1 0 -1 0 1 0 0    0 0 0     0.7071067811865475 0.7071067811865475 0.7071067811865475 0.7071067811865475    -0.5 -0.5 -0.5 0.5 -1
  0 0 -1 0 1 0 1 0 0    0 0 0        0.7071067811865475 0.7071067811865475 0.7071067811865475 0.7071067811865475    0.0 0.0 1.0 0.0 -1
0 0 -1 0 -1 0 -1 0 0    0 0 0     0.7071067811865475 0.7071067811865475 0.7071067811865475 0.7071067811865475    0.5 -0.5 -0.5 -0.5 -1
 0 -1 0 -1 0 0 0 0 1    0 0 0                                                                0.0 1.0 1.0 0.0    0.0 -0.75 -0.25 0.0 -1
   0 1 0 1 0 0 0 0 1    0 0 0                                                                  0.0 1.0 1.0 0.0    0.0 0.75 0.25 0.0 -1
 0 -1 0 1 0 0 0 0 -1    0 0 0                                                                 1.0 0.0 0.0 1.0    0.25 0.0 0.0 -0.25 -1
 0 1 0 -1 0 0 0 0 -1    0 0 0                                                                 1.0 0.0 0.0 1.0    -0.25 0.0 0.0 0.25 -1
 -1 0 0 0 0 -1 0 1 0    0 0 0        0.7071067811865475 0.7071067811865475 0.7071067811865475 0.7071067811865475    0.0 0.5 0.5 0.0 -1
 1 0 0 0 0 -1 0 -1 0    0 0 0       0.7071067811865475 0.7071067811865475 0.7071067811865475 0.7071067811865475    0.5 0.0 1.0 -0.5 -1
   1 0 0 0 0 1 0 1 0    0 0 0       0.7071067811865475 0.7071067811865475 0.7071067811865475 0.7071067811865475    -0.5 0.0 1.0 0.5 -1
 -1 0 0 0 0 1 0 -1 0    0 0 0      0.7071067811865475 0.7071067811865475 0.7071067811865475 0.7071067811865475    0.0 -0.5 -0.5 0.0 -1
 0 0 -1 0 -1 0 1 0 0    0 0 0        0.7071067811865475 0.7071067811865475 0.7071067811865475 0.7071067811865475    0.0 1.0 0.0 0.0 -1
 0 0 -1 0 1 0 -1 0 0    0 0 0     0.7071067811865475 0.7071067811865475 0.7071067811865475 0.7071067811865475    -0.5 -0.5 -0.5 0.5 -1
 0 0 1 0 -1 0 -1 0 0    0 0 0        0.7071067811865475 0.7071067811865475 0.7071067811865475 0.7071067811865475    0.0 0.0 1.0 0.0 -1
   0 0 1 0 1 0 1 0 0    0 0 0     0.7071067811865475 0.7071067811865475 0.7071067811865475 0.7071067811865475    0.5 -0.5 -0.5 -0.5 -1


 kpoint  GM : 0.000000 0.000000 0.000000  : 1 2 3 4 5 6 7 8 9 10 11 12 13 14 15 16 17 18 19 20 21 22 23 24
-GM10  2    2.00000 0.00000 0.00000 0.00000 1.00000 1.00000 1.00000 1.00000 1.00000 1.00000 1.00000 1.00000 2.00000 0.00000 0.00000 0.00000 1.00000 1.00000 1.00000 1.00000 1.00000 1.00000 1.00000 1.00000 0.00000 0.00000 0.00000 0.00000 -0.66667 -0.66667 -0.66667 -0.66667 0.66667 0.66667 0.66667 0.66667 -1.00000 0.00000 0.00000 0.00000 0.33333 0.33333 0.33333 0.33333 -0.33333 -0.33333 -0.33333 -0.33333
-GM5  2    2.00000 0.00000 0.00000 0.00000 1.00000 1.00000 1.00000 1.00000 1.00000 1.00000 1.00000 1.00000 2.00000 0.00000 0.00000 0.00000 1.00000 1.00000 1.00000 1.00000 1.00000 1.00000 1.00000 1.00000
-GM6  2    2.00000 0.00000 0.00000 0.00000 1.00000 1.00000 1.00000 1.00000 1.00000 1.00000 1.00000 1.00000 2.00000 0.00000 0.00000 0.00000 1.00000 1.00000 1.00000 1.00000 1.00000 1.00000 1.00000 1.00000 0.00000 0.00000 0.00000 0.00000 0.66667 0.66667 0.66667 0.66667 -0.66667 -0.66667 -0.66667 -0.66667 0.00000 0.00000 0.00000 0.00000 0.66667 0.66667 0.66667 0.66667 -0.66667 -0.66667 -0.66667 -0.66667
-GM7  2    2.00000 0.00000 0.00000 0.00000 1.00000 1.00000 1.00000 1.00000 1.00000 1.00000 1.00000 1.00000 2.00000 0.00000 0.00000 0.00000 1.00000 1.00000 1.00000 1.00000 1.00000 1.00000 1.00000 1.00000 0.00000 0.00000 0.00000 0.00000 -0.66667 -0.66667 -0.66667 -0.66667 0.66667 0.66667 0.66667 0.66667 0.00000 0.00000 0.00000 0.00000 -0.66667 -0.66667 -0.66667 -0.66667 0.66667 0.66667 0.66667 0.66667
-GM8  2    2.00000 0.00000 0.00000 0.00000 1.00000 1.00000 1.00000 1.00000 1.00000 1.00000 1.00000 1.00000 -2.00000 0.00000 0.00000 0.00000 -1.00000 -1.00000 -1.00000 -1.00000 -1.00000 -1.00000 -1.00000 -1.00000
-GM9  2    2.00000 0.00000 0.00000 0.00000 1.00000 1.00000 1.00000 1.00000 1.00000 1.00000 1.00000 1.00000 2.00000 0.00000 0.00000 0.00000 1.00000 1.00000 1.00000 1.00000 1.00000 1.00000 1.00000 1.00000 0.00000 0.00000 0.00000 0.00000 0.66667 0.66667 0.66667 0.66667 -0.66667 -0.66667 -0.66667 -0.66667 -1.00000 0.00000 0.00000 0.00000 -0.33333 -0.33333 -0.33333 -0.33333 0.33333 0.33333 0.33333 0.33333



 kpoint  H : 1.000000 1.000000 1.000000  : 1 2 3 4 5 6 7 8 9 10 11 12 13 14 15 16 17 18 19 20 21 22 23 24
-H10  2    2.00000 0.00000 0.00000 0.00000 1.00000 1.00000 1.00000 1.00000 1.00000 1.00000 1.00000 1.00000 2.00000 0.00000 0.00000 0.00000 1.00000 1.00000 1.00000 1.00000 1.00000 1.00000 1.00000 1.00000 0.00000 0.00000 0.00000 0.00000 -0.66667 -0.66667 -0.66667 -0.66667 0.66667 0.66667 0.66667 0.66667 -1.00000 0.00000 0.00000 0.00000 0.33333 0.33333 0.33333 0.33333 -0.33333 -0.33333 -0.33333 -0.33333
-H5  2    2.00000 0.00000 0.00000 0.00000 1.00000 1.00000 1.00000 1.00000 1.00000 1.00000 1.00000 1.00000 2.00000 0.00000 0.00000 0.00000 1.00000 1.00000 1.00000 1.00000 1.00000 1.00000 1.00000 1.00000
-H6  2    2.00000 0.00000 0.00000 0.00000 1.00000 1.00000 1.00000 1.00000 1.00000 1.00000 1.00000 1.00000 2.00000 0.00000 0.00000 0.00000 1.00000 1.00000 1.00000 1.00000 1.00000 1.00000 1.00000 1.00000 0.00000 0.00000 0.00000 0.00000 0.66667 0.66667 0.66667 0.66667 -0.66667 -0.66667 -0.66667 -0.66667 0.00000 0.00000 0.00000 0.00000 0.66667 0.66667 0.66667 0.66667 -0.66667 -0.66667 -0.66667 -0.66667
-H7  2    2.00000 0.00000 0.00000 0.00000 1.00000 1.00000 1.00000 1.00000 1.00000 1.00000 1.00000 1.00000 2.00000 0.00000 0.00000 0.00000 1.00000 1.00000 1.00000 1.00000 1.00000 1.00000 1.00000 1.00000 0.00000 0.00000 0.00000 0.00000 -0.66667 -0.66667 -0.66667 -0.66667 0.66667 0.66667 0.66667 0.66667 0.00000 0.00000 0.00000 0.00000 -0.66667 -0.66667 -0.66667 -0.66667 0.66667 0.66667 0.66667 0.66667
-H8  2    2.00000 0.00000 0.00000 0.00000 1.00000 1.00000 1.00000 1.00000 1.00000 1.00000 1.00000 1.00000 -2.00000 0.00000 0.00000 0.00000 -1.00000 -1.00000 -1.00000 -1.00000 -1.00000 -1.00000 -1.00000 -1.00000
-H9  2    2.00000 0.00000 0.00000 0.00000 1.00000 1.00000 1.00000 1.00000 1.00000 1.00000 1.00000 1.00000 2.00000 0.00000 0.00000 0.00000 1.00000 1.00000 1.00000 1.00000 1.00000 1.00000 1.00000 1.00000 0.00000 0.00000 0.00000 0.00000 0.66667 0.66667 0.66667 0.66667 -0.66667 -0.66667 -0.66667 -0.66667 -1.00000 0.00000 0.00000 0.00000 -0.33333 -0.33333 -0.33333 -0.33333 0.33333 0.33333 0.33333 0.33333



 kpoint  N : 0.500000 0.500000 0.000000  : 1 2 13 14
-N3  1    1.00000 1.00000 1.00000 1.00000 0.00000 -0.50000 0.00000 -0.50000
-N4  1    1.00000 1.00000 1.00000 1.00000 0.00000 0.50000 0.00000 0.50000
-N5  1    1.00000 1.00000 1.00000 1.00000 0.00000 -0.50000 -1.00000 0.50000
-N6  1    1.00000 1.00000 1.00000 1.00000 0.00000 0.50000 -1.00000 -0.50000



 kpoint  P : 0.500000 0.500000 0.500000  : 1 2 3 4 5 6 7 8 9 10 11 12
-P5  2    2.00000 0.00000 0.00000 0.00000 1.00000 1.00000 1.00000 1.00000 1.00000 1.00000 1.00000 1.00000
-P6  2    2.00000 0.00000 0.00000 0.00000 1.00000 1.00000 1.00000 1.00000 1.00000 1.00000 1.00000 1.00000 0.00000 0.00000 0.00000 0.00000 0.66667 0.66667 0.66667 0.66667 -0.66667 -0.66667 -0.66667 -0.66667
-P7  2    2.00000 0.00000 0.00000 0.00000 1.00000 1.00000 1.00000 1.00000 1.00000 1.00000 1.00000 1.00000 0.00000 0.00000 0.00000 0.00000 -0.66667 -0.66667 -0.66667 -0.66667 0.66667 0.66667 0.66667 0.66667
