SG=229.141
 name=Im-3m1'
 nsym=96
 spinor=True
symmetries=
   1 0 0 0 1 0 0 0 1    0 0 0                                                                    1.0 0.0 0.0 1.0    0.0 0.0 0.0 0.0  1
 -1 0 0 0 -1 0 0 0 1    0 0 0                                                                   1.0 0.0 0.0 1.0    -0.5 0.0 0.0 0.5  1
 -1 0 0 0 1 0 0 0 -1    0 0 0                                                                    0.0 1.0 1.0 0.0    0.0 1.0 0.0 0.0  1
 1 0 0 0 -1 0 0 0 -1    0 0 0                                                                  0.0 1.0 1.0 0.0    0.0 -0.5 -0.5 0.0  1
   0 0 1 1 0 0 0 1 0    0 0 0 0.7071067811865476 0.7071067811865476 0.7071067811865476 0.7071067811865476    -0.25 -0.75 -0.25 0.25  1
 0 0 1 -1 0 0 0 -1 0    0 0 0   0.7071067811865476 0.7071067811865476 0.7071067811865476 0.7071067811865476    0.25 0.75 0.25 -0.25  1
 0 0 -1 -1 0 0 0 1 0    0 0 0 0.7071067811865476 0.7071067811865476 0.7071067811865476 0.7071067811865476    0.25 -0.25 -0.75 -0.25  1
 0 0 -1 1 0 0 0 -1 0    0 0 0   0.7071067811865476 0.7071067811865476 0.7071067811865476 0.7071067811865476    -0.25 0.25 0.75 0.25  1
   0 1 0 0 0 1 1 0 0    0 0 0   0.7071067811865476 0.7071067811865476 0.7071067811865476 0.7071067811865476    0.25 0.25 0.75 -0.25  1
 0 -1 0 0 0 1 -1 0 0    0 0 0   0.7071067811865476 0.7071067811865476 0.7071067811865476 0.7071067811865476    -0.25 0.75 0.25 0.25  1
 0 1 0 0 0 -1 -1 0 0    0 0 0 0.7071067811865476 0.7071067811865476 0.7071067811865476 0.7071067811865476    0.25 -0.75 -0.25 -0.25  1
 0 -1 0 0 0 -1 1 0 0    0 0 0 0.7071067811865476 0.7071067811865476 0.7071067811865476 0.7071067811865476    -0.25 -0.25 -0.75 0.25  1
  0 1 0 1 0 0 0 0 -1    0 0 0                                                                0.0 1.0 1.0 0.0    0.0 -0.75 -0.25 0.0  1
0 -1 0 -1 0 0 0 0 -1    0 0 0                                                                  0.0 1.0 1.0 0.0    0.0 0.75 0.25 0.0  1
  0 1 0 -1 0 0 0 0 1    0 0 0                                                                 1.0 0.0 0.0 1.0    0.25 0.0 0.0 -0.25  1
  0 -1 0 1 0 0 0 0 1    0 0 0                                                                 1.0 0.0 0.0 1.0    -0.25 0.0 0.0 0.25  1
  1 0 0 0 0 1 0 -1 0    0 0 0        0.7071067811865475 0.7071067811865475 0.7071067811865475 0.7071067811865475    0.0 0.5 0.5 0.0  1
  -1 0 0 0 0 1 0 1 0    0 0 0       0.7071067811865475 0.7071067811865475 0.7071067811865475 0.7071067811865475    0.5 0.0 1.0 -0.5  1
-1 0 0 0 0 -1 0 -1 0    0 0 0       0.7071067811865475 0.7071067811865475 0.7071067811865475 0.7071067811865475    -0.5 0.0 1.0 0.5  1
  1 0 0 0 0 -1 0 1 0    0 0 0      0.7071067811865475 0.7071067811865475 0.7071067811865475 0.7071067811865475    0.0 -0.5 -0.5 0.0  1
  0 0 1 0 1 0 -1 0 0    0 0 0        0.7071067811865475 0.7071067811865475 0.7071067811865475 0.7071067811865475    0.0 1.0 0.0 0.0  1
  0 0 1 0 -1 0 1 0 0    0 0 0     0.7071067811865475 0.7071067811865475 0.7071067811865475 0.7071067811865475    -0.5 -0.5 -0.5 0.5  1
  0 0 -1 0 1 0 1 0 0    0 0 0        0.7071067811865475 0.7071067811865475 0.7071067811865475 0.7071067811865475    0.0 0.0 1.0 0.0  1
0 0 -1 0 -1 0 -1 0 0    0 0 0     0.7071067811865475 0.7071067811865475 0.7071067811865475 0.7071067811865475    0.5 -0.5 -0.5 -0.5  1
-1 0 0 0 -1 0 0 0 -1    0 0 0                                                                    1.0 0.0 0.0 1.0    0.0 0.0 0.0 0.0  1
  1 0 0 0 1 0 0 0 -1    0 0 0                                                                   1.0 0.0 0.0 1.0    -0.5 0.0 0.0 0.5  1
  1 0 0 0 -1 0 0 0 1    0 0 0                                                                    0.0 1.0 1.0 0.0    0.0 1.0 0.0 0.0  1
  -1 0 0 0 1 0 0 0 1    0 0 0                                                                  0.0 1.0 1.0 0.0    0.0 -0.5 -0.5 0.0  1
0 0 -1 -1 0 0 0 -1 0    0 0 0 0.7071067811865476 0.7071067811865476 0.7071067811865476 0.7071067811865476    -0.25 -0.75 -0.25 0.25  1
  0 0 -1 1 0 0 0 1 0    0 0 0   0.7071067811865476 0.7071067811865476 0.7071067811865476 0.7071067811865476    0.25 0.75 0.25 -0.25  1
  0 0 1 1 0 0 0 -1 0    0 0 0 0.7071067811865476 0.7071067811865476 0.7071067811865476 0.7071067811865476    0.25 -0.25 -0.75 -0.25  1
  0 0 1 -1 0 0 0 1 0    0 0 0   0.7071067811865476 0.7071067811865476 0.7071067811865476 0.7071067811865476    -0.25 0.25 0.75 0.25  1
0 -1 0 0 0 -1 -1 0 0    0 0 0   0.7071067811865476 0.7071067811865476 0.7071067811865476 0.7071067811865476    0.25 0.25 0.75 -0.25  1
  0 1 0 0 0 -1 1 0 0    0 0 0   0.7071067811865476 0.7071067811865476 0.7071067811865476 0.7071067811865476    -0.25 0.75 0.25 0.25  1
  0 -1 0 0 0 1 1 0 0    0 0 0 0.7071067811865476 0.7071067811865476 0.7071067811865476 0.7071067811865476    0.25 -0.75 -0.25 -0.25  1
  0 1 0 0 0 1 -1 0 0    0 0 0 0.7071067811865476 0.7071067811865476 0.7071067811865476 0.7071067811865476    -0.25 -0.25 -0.75 0.25  1
 0 -1 0 -1 0 0 0 0 1    0 0 0                                                                0.0 1.0 1.0 0.0    0.0 -0.75 -0.25 0.0  1
   0 1 0 1 0 0 0 0 1    0 0 0                                                                  0.0 1.0 1.0 0.0    0.0 0.75 0.25 0.0  1
 0 -1 0 1 0 0 0 0 -1    0 0 0                                                                 1.0 0.0 0.0 1.0    0.25 0.0 0.0 -0.25  1
 0 1 0 -1 0 0 0 0 -1    0 0 0                                                                 1.0 0.0 0.0 1.0    -0.25 0.0 0.0 0.25  1
 -1 0 0 0 0 -1 0 1 0    0 0 0        0.7071067811865475 0.7071067811865475 0.7071067811865475 0.7071067811865475    0.0 0.5 0.5 0.0  1
 1 0 0 0 0 -1 0 -1 0    0 0 0       0.7071067811865475 0.7071067811865475 0.7071067811865475 0.7071067811865475    0.5 0.0 1.0 -0.5  1
   1 0 0 0 0 1 0 1 0    0 0 0       0.7071067811865475 0.7071067811865475 0.7071067811865475 0.7071067811865475    -0.5 0.0 1.0 0.5  1
 -1 0 0 0 0 1 0 -1 0    0 0 0      0.7071067811865475 0.7071067811865475 0.7071067811865475 0.7071067811865475    0.0 -0.5 -0.5 0.0  1
 0 0 -1 0 -1 0 1 0 0    0 0 0        0.7071067811865475 0.7071067811865475 0.7071067811865475 0.7071067811865475    0.0 1.0 0.0 0.0  1
 0 0 -1 0 1 0 -1 0 0    0 0 0     0.7071067811865475 0.7071067811865475 0.7071067811865475 0.7071067811865475    -0.5 -0.5 -0.5 0.5  1
 0 0 1 0 -1 0 -1 0 0    0 0 0        0.7071067811865475 0.7071067811865475 0.7071067811865475 0.7071067811865475    0.0 0.0 1.0 0.0  1
   0 0 1 0 1 0 1 0 0    0 0 0     0.7071067811865475 0.7071067811865475 0.7071067811865475 0.7071067811865475    0.5 -0.5 -0.5 -0.5  1
   1 0 0 0 1 0 0 0 1    0 0 0                                                                    1.0 0.0 0.0 1.0    0.0 0.0 0.0 0.0 -1
 -1 0 0 0 -1 0 0 0 1    0 0 0                                                                   1.0 0.0 0.0 1.0    -0.5 0.0 0.0 0.5 -1
 -1 0 0 0 1 0 0 0 -1    0 0 0                                                                    0.0 1.0 1.0 0.0    0.0 1.0 0.0 0.0 -1
 1 0 0 0 -1 0 0 0 -1    0 0 0                                                                  0.0 1.0 1.0 0.0    0.0 -0.5 -0.5 0.0 -1
   0 0 1 1 0 0 0 1 0    0 0 0 0.7071067811865476 0.7071067811865476 0.7071067811865476 0.7071067811865476    -0.25 -0.75 -0.25 0.25 -1
 0 0 1 -1 0 0 0 -1 0    0 0 0   0.7071067811865476 0.7071067811865476 0.7071067811865476 0.7071067811865476    0.25 0.75 0.25 -0.25 -1
 0 0 -1 -1 0 0 0 1 0    0 0 0 0.7071067811865476 0.7071067811865476 0.7071067811865476 0.7071067811865476    0.25 -0.25 -0.75 -0.25 -1
 0 0 -1 1 0 0 0 -1 0    0 0 0   0.7071067811865476 0.7071067811865476 0.7071067811865476 0.7071067811865476    -0.25 0.25 0.75 0.25 -1
   0 1 0 0 0 1 1 0 0    0 0 0   0.7071067811865476 0.7071067811865476 0.7071067811865476 0.7071067811865476    0.25 0.25 0.75 -0.25 -1
 0 -1 0 0 0 1 -1 0 0    0 0 0   0.7071067811865476 0.7071067811865476 0.7071067811865476 0.7071067811865476    -0.25 0.75 0.25 0.25 -1
 0 1 0 0 0 -1 -1 0 0    0 0 0 0.7071067811865476 0.7071067811865476 0.7071067811865476 0.7071067811865476    0.25 -0.75 -0.25 -0.25 -1
 0 -1 0 0 0 -1 1 0 0    0 0 0 0.7071067811865476 0.7071067811865476 0.7071067811865476 0.7071067811865476    -0.25 -0.25 -0.75 0.25 -1
  0 1 0 1 0 0 0 0 -1    0 0 0                                                                0.0 1.0 1.0 0.0    0.0 -0.75 -0.25 0.0 -1
0 -1 0 -1 0 0 0 0 -1    0 0 0                                                                  0.0 1.0 1.0 0.0    0.0 0.75 0.25 0.0 -1
  0 1 0 -1 0 0 0 0 1    0 0 0                                                                 1.0 0.0 0.0 1.0    0.25 0.0 0.0 -0.25 -1
  0 -1 0 1 0 0 0 0 1    0 0 0                                                                 1.0 0.0 0.0 1.0    -0.25 0.0 0.0 0.25 -1
  1 0 0 0 0 1 0 -1 0    0 0 0        0.7071067811865475 0.7071067811865475 0.7071067811865475 0.7071067811865475    0.0 0.5 0.5 0.0 -1
  -1 0 0 0 0 1 0 1 0    0 0 0       0.7071067811865475 0.7071067811865475 0.7071067811865475 0.7071067811865475    0.5 0.0 1.0 -0.5 -1
-1 0 0 0 0 -1 0 -1 0    0 0 0       0.7071067811865475 0.7071067811865475 0.7071067811865475 0.7071067811865475    -0.5 0.0 1.0 0.5 -1
  1 0 0 0 0 -1 0 1 0    0 0 0      0.7071067811865475 0.7071067811865475 0.7071067811865475 0.7071067811865475    0.0 -0.5 -0.5 0.0 -1
  0 0 1 0 1 0 -1 0 0    0 0 0        0.7071067811865475 0.7071067811865475 0.7071067811865475 0.7071067811865475    0.0 1.0 0.0 0.0 -1
  0 0 1 0 -1 0 1 0 0    0 0 0     0.7071067811865475 0.7071067811865475 0.7071067811865475 0.7071067811865475    -0.5 -0.5 -0.5 0.5 -1
  0 0 -1 0 1 0 1 0 0    0 0 0        0.7071067811865475 0.7071067811865475 0.7071067811865475 0.7071067811865475    0.0 0.0 1.0 0.0 -1
0 0 -1 0 -1 0 -1 0 0    0 0 0     0.7071067811865475 0.7071067811865475 0.7071067811865475 0.7071067811865475    0.5 -0.5 -0.5 -0.5 -1
-1 0 0 0 -1 0 0 0 -1    0 0 0                                                                    1.0 0.0 0.0 1.0    0.0 0.0 0.0 0.0 -1
  1 0 0 0 1 0 0 0 -1    0 0 0                                                                   1.0 0.0 0.0 1.0    -0.5 0.0 0.0 0.5 -1
  1 0 0 0 -1 0 0 0 1    0 0 0                                                                    0.0 1.0 1.0 0.0    0.0 1.0 0.0 0.0 -1
  -1 0 0 0 1 0 0 0 1    0 0 0                                                                  0.0 1.0 1.0 0.0    0.0 -0.5 -0.5 0.0 -1
0 0 -1 -1 0 0 0 -1 0    0 0 0 0.7071067811865476 0.7071067811865476 0.7071067811865476 0.7071067811865476    -0.25 -0.75 -0.25 0.25 -1
  0 0 -1 1 0 0 0 1 0    0 0 0   0.7071067811865476 0.7071067811865476 0.7071067811865476 0.7071067811865476    0.25 0.75 0.25 -0.25 -1
  0 0 1 1 0 0 0 -1 0    0 0 0 0.7071067811865476 0.7071067811865476 0.7071067811865476 0.7071067811865476    0.25 -0.25 -0.75 -0.25 -1
  0 0 1 -1 0 0 0 1 0    0 0 0   0.7071067811865476 0.7071067811865476 0.7071067811865476 0.7071067811865476    -0.25 0.25 0.75 0.25 -1
0 -1 0 0 0 -1 -1 0 0    0 0 0   0.7071067811865476 0.7071067811865476 0.7071067811865476 0.7071067811865476    0.25 0.25 0.75 -0.25 -1
  0 1 0 0 0 -1 1 0 0    0 0 0   0.7071067811865476 0.7071067811865476 0.7071067811865476 0.7071067811865476    -0.25 0.75 0.25 0.25 -1
  0 -1 0 0 0 1 1 0 0    0 0 0 0.7071067811865476 0.7071067811865476 0.7071067811865476 0.7071067811865476    0.25 -0.75 -0.25 -0.25 -1
  0 1 0 0 0 1 -1 0 0    0 0 0 0.7071067811865476 0.7071067811865476 0.7071067811865476 0.7071067811865476    -0.25 -0.25 -0.75 0.25 -1
 0 -1 0 -1 0 0 0 0 1    0 0 0                                                                0.0 1.0 1.0 0.0    0.0 -0.75 -0.25 0.0 -1
   0 1 0 1 0 0 0 0 1    0 0 0                                                                  0.0 1.0 1.0 0.0    0.0 0.75 0.25 0.0 -1
 0 -1 0 1 0 0 0 0 -1    0 0 0                                                                 1.0 0.0 0.0 1.0    0.25 0.0 0.0 -0.25 -1
 0 1 0 -1 0 0 0 0 -1    0 0 0                                                                 1.0 0.0 0.0 1.0    -0.25 0.0 0.0 0.25 -1
 -1 0 0 0 0 -1 0 1 0    0 0 0        0.7071067811865475 0.7071067811865475 0.7071067811865475 0.7071067811865475    0.0 0.5 0.5 0.0 -1
 1 0 0 0 0 -1 0 -1 0    0 0 0       0.7071067811865475 0.7071067811865475 0.7071067811865475 0.7071067811865475    0.5 0.0 1.0 -0.5 -1
   1 0 0 0 0 1 0 1 0    0 0 0       0.7071067811865475 0.7071067811865475 0.7071067811865475 0.7071067811865475    -0.5 0.0 1.0 0.5 -1
 -1 0 0 0 0 1 0 -1 0    0 0 0      0.7071067811865475 0.7071067811865475 0.7071067811865475 0.7071067811865475    0.0 -0.5 -0.5 0.0 -1
 0 0 -1 0 -1 0 1 0 0    0 0 0        0.7071067811865475 0.7071067811865475 0.7071067811865475 0.7071067811865475    0.0 1.0 0.0 0.0 -1
 0 0 -1 0 1 0 -1 0 0    0 0 0     0.7071067811865475 0.7071067811865475 0.7071067811865475 0.7071067811865475    -0.5 -0.5 -0.5 0.5 -1
 0 0 1 0 -1 0 -1 0 0    0 0 0        0.7071067811865475 0.7071067811865475 0.7071067811865475 0.7071067811865475    0.0 0.0 1.0 0.0 -1
   0 0 1 0 1 0 1 0 0    0 0 0     0.7071067811865475 0.7071067811865475 0.7071067811865475 0.7071067811865475    0.5 -0.5 -0.5 -0.5 -1


 kpoint  GM : 0.000000 0.000000 0.000000  : 1 2 3 4 5 6 7 8 9 10 11 12 13 14 15 16 17 18 19 20 21 22 23 24 25 26 27 28 29 30 31 32 33 34 35 36 37 38 39 40 41 42 43 44 45 46 47 48
-GM10  4    4.00000 0.00000 0.00000 0.00000 -1.00000 -1.00000 -1.00000 -1.00000 -1.00000 -1.00000 -1.00000 -1.00000 0.00000 0.00000 0.00000 0.00000 0.00000 0.00000 0.00000 0.00000 0.00000 0.00000 0.00000 0.00000 4.00000 0.00000 0.00000 0.00000 -1.00000 -1.00000 -1.00000 -1.00000 -1.00000 -1.00000 -1.00000 -1.00000 0.00000 0.00000 0.00000 0.00000 0.00000 0.00000 0.00000 0.00000 0.00000 0.00000 0.00000 0.00000
-GM11  4    4.00000 0.00000 0.00000 0.00000 -1.00000 -1.00000 -1.00000 -1.00000 -1.00000 -1.00000 -1.00000 -1.00000 0.00000 0.00000 0.00000 0.00000 0.00000 0.00000 0.00000 0.00000 0.00000 0.00000 0.00000 0.00000 -4.00000 0.00000 0.00000 0.00000 1.00000 1.00000 1.00000 1.00000 1.00000 1.00000 1.00000 1.00000 0.00000 0.00000 0.00000 0.00000 0.00000 0.00000 0.00000 0.00000 0.00000 0.00000 0.00000 0.00000
-GM6  2    2.00000 0.00000 0.00000 0.00000 1.00000 1.00000 1.00000 1.00000 1.00000 1.00000 1.00000 1.00000 0.00000 0.00000 1.41421 1.41421 1.41421 0.00000 0.00000 1.41421 1.41421 0.00000 1.41421 0.00000 2.00000 0.00000 0.00000 0.00000 1.00000 1.00000 1.00000 1.00000 1.00000 1.00000 1.00000 1.00000 0.00000 0.00000 1.41421 1.41421 1.41421 0.00000 0.00000 1.41421 1.41421 0.00000 1.41421 0.00000
-GM7  2    2.00000 0.00000 0.00000 0.00000 1.00000 1.00000 1.00000 1.00000 1.00000 1.00000 1.00000 1.00000 0.00000 0.00000 -1.41421 -1.41421 -1.41421 0.00000 0.00000 -1.41421 -1.41421 0.00000 -1.41421 0.00000 2.00000 0.00000 0.00000 0.00000 1.00000 1.00000 1.00000 1.00000 1.00000 1.00000 1.00000 1.00000 0.00000 0.00000 -1.41421 -1.41421 -1.41421 0.00000 0.00000 -1.41421 -1.41421 0.00000 -1.41421 0.00000
-GM8  2    2.00000 0.00000 0.00000 0.00000 1.00000 1.00000 1.00000 1.00000 1.00000 1.00000 1.00000 1.00000 0.00000 0.00000 1.41421 1.41421 1.41421 0.00000 0.00000 1.41421 1.41421 0.00000 1.41421 0.00000 -2.00000 0.00000 0.00000 0.00000 -1.00000 -1.00000 -1.00000 -1.00000 -1.00000 -1.00000 -1.00000 -1.00000 0.00000 0.00000 -1.41421 -1.41421 -1.41421 0.00000 0.00000 -1.41421 -1.41421 0.00000 -1.41421 0.00000
-GM9  2    2.00000 0.00000 0.00000 0.00000 1.00000 1.00000 1.00000 1.00000 1.00000 1.00000 1.00000 1.00000 0.00000 0.00000 -1.41421 -1.41421 -1.41421 0.00000 0.00000 -1.41421 -1.41421 0.00000 -1.41421 0.00000 -2.00000 0.00000 0.00000 0.00000 -1.00000 -1.00000 -1.00000 -1.00000 -1.00000 -1.00000 -1.00000 -1.00000 0.00000 0.00000 1.41421 1.41421 1.41421 0.00000 0.00000 1.41421 1.41421 0.00000 1.41421 0.00000



 kpoint  H : 1.000000 1.000000 1.000000  : 1 2 3 4 5 6 7 8 9 10 11 12 13 14 15 16 17 18 19 20 21 22 23 24 25 26 27 28 29 30 31 32 33 34 35 36 37 38 39 40 41 42 43 44 45 46 47 48
-H10  4    4.00000 0.00000 0.00000 0.00000 -1.00000 -1.00000 -1.00000 -1.00000 -1.00000 -1.00000 -1.00000 -1.00000 0.00000 0.00000 0.00000 0.00000 0.00000 0.00000 0.00000 0.00000 0.00000 0.00000 0.00000 0.00000 4.00000 0.00000 0.00000 0.00000 -1.00000 -1.00000 -1.00000 -1.00000 -1.00000 -1.00000 -1.00000 -1.00000 0.00000 0.00000 0.00000 0.00000 0.00000 0.00000 0.00000 0.00000 0.00000 0.00000 0.00000 0.00000
-H11  4    4.00000 0.00000 0.00000 0.00000 -1.00000 -1.00000 -1.00000 -1.00000 -1.00000 -1.00000 -1.00000 -1.00000 0.00000 0.00000 0.00000 0.00000 0.00000 0.00000 0.00000 0.00000 0.00000 0.00000 0.00000 0.00000 -4.00000 0.00000 0.00000 0.00000 1.00000 1.00000 1.00000 1.00000 1.00000 1.00000 1.00000 1.00000 0.00000 0.00000 0.00000 0.00000 0.00000 0.00000 0.00000 0.00000 0.00000 0.00000 0.00000 0.00000
-H6  2    2.00000 0.00000 0.00000 0.00000 1.00000 1.00000 1.00000 1.00000 1.00000 1.00000 1.00000 1.00000 0.00000 0.00000 1.41421 1.41421 1.41421 0.00000 0.00000 1.41421 1.41421 0.00000 1.41421 0.00000 2.00000 0.00000 0.00000 0.00000 1.00000 1.00000 1.00000 1.00000 1.00000 1.00000 1.00000 1.00000 0.00000 0.00000 1.41421 1.41421 1.41421 0.00000 0.00000 1.41421 1.41421 0.00000 1.41421 0.00000
-H7  2    2.00000 0.00000 0.00000 0.00000 1.00000 1.00000 1.00000 1.00000 1.00000 1.00000 1.00000 1.00000 0.00000 0.00000 -1.41421 -1.41421 -1.41421 0.00000 0.00000 -1.41421 -1.41421 0.00000 -1.41421 0.00000 2.00000 0.00000 0.00000 0.00000 1.00000 1.00000 1.00000 1.00000 1.00000 1.00000 1.00000 1.00000 0.00000 0.00000 -1.41421 -1.41421 -1.41421 0.00000 0.00000 -1.41421 -1.41421 0.00000 -1.41421 0.00000
-H8  2    2.00000 0.00000 0.00000 0.00000 1.00000 1.00000 1.00000 1.00000 1.00000 1.00000 1.00000 1.00000 0.00000 0.00000 1.41421 1.41421 1.41421 0.00000 0.00000 1.41421 1.41421 0.00000 1.41421 0.00000 -2.00000 0.00000 0.00000 0.00000 -1.00000 -1.00000 -1.00000 -1.00000 -1.00000 -1.00000 -1.00000 -1.00000 0.00000 0.00000 -1.41421 -1.41421 -1.41421 0.00000 0.00000 -1.41421 -1.41421 0.00000 -1.41421 0.00000
-H9  2    2.00000 0.00000 0.00000 0.00000 1.00000 1.00000 1.00000 1.00000 1.00000 1.00000 1.00000 1.00000 0.00000 0.00000 -1.41421 -1.41421 -1.41421 0.00000 0.00000 -1.41421 -1.41421 0.00000 -1.41421 0.00000 -2.00000 0.00000 0.00000 0.00000 -1.00000 -1.00000 -1.00000 -1.00000 -1.00000 -1.00000 -1.00000 -1.00000 0.00000 0.00000 1.41421 1.41421 1.41421 0.00000 0.00000 1.41421 1.41421 0.00000 1.41421 0.00000



 kpoint  N : 0.500000 0.500000 0.000000  : 1 2 13 14 25 26 37 38
-N5  2    2.00000 0.00000 0.00000 0.00000 2.00000 0.00000 0.00000 0.00000
-N6  2    2.00000 0.00000 0.00000 0.00000 -2.00000 0.00000 0.00000 0.00000



 kpoint  P : 0.500000 0.500000 0.500000  : 1 2 3 4 5 6 7 8 9 10 11 12 37 38 39 40 41 42 43 44 45 46 47 48
-P6  2    2.00000 0.00000 0.00000 0.00000 1.00000 1.00000 1.00000 1.00000 1.00000 1.00000 1.00000 1.00000 0.00000 0.00000 1.41421 1.41421 1.41421 0.00000 0.00000 1.41421 1.41421 0.00000 1.41421 0.00000
-P7  2    2.00000 0.00000 0.00000 0.00000 1.00000 1.00000 1.00000 1.00000 1.00000 1.00000 1.00000 1.00000 0.00000 0.00000 -1.41421 -1.41421 -1.41421 0.00000 0.00000 -1.41421 -1.41421 0.00000 -1.41421 0.00000
-P8  4    4.00000 0.00000 0.00000 0.00000 -1.00000 -1.00000 -1.00000 -1.00000 -1.00000 -1.00000 -1.00000 -1.00000 0.00000 0.00000 0.00000 0.00000 0.00000 0.00000 0.00000 0.00000 0.00000 0.00000 0.00000 0.00000
