SG=224.115
 name=P_In-3m
 nsym=96
 spinor=False
symmetries=
         1 0 0 0 1 0 0 0 1    0 0 0  1
   -1 0 0 0 -1 0 0 0 1    0.5 0.5 0  1
   -1 0 0 0 1 0 0 0 -1    0.5 0 0.5  1
   1 0 0 0 -1 0 0 0 -1    0 0.5 0.5  1
         0 0 1 1 0 0 0 1 0    0 0 0  1
   0 0 1 -1 0 0 0 -1 0    0 0.5 0.5  1
   0 0 -1 -1 0 0 0 1 0    0.5 0.5 0  1
   0 0 -1 1 0 0 0 -1 0    0.5 0 0.5  1
         0 1 0 0 0 1 1 0 0    0 0 0  1
   0 -1 0 0 0 1 -1 0 0    0.5 0 0.5  1
   0 1 0 0 0 -1 -1 0 0    0 0.5 0.5  1
   0 -1 0 0 0 -1 1 0 0    0.5 0.5 0  1
    0 1 0 1 0 0 0 0 -1    0.5 0.5 0  1
      0 -1 0 -1 0 0 0 0 -1    0 0 0  1
    0 1 0 -1 0 0 0 0 1    0.5 0 0.5  1
    0 -1 0 1 0 0 0 0 1    0 0.5 0.5  1
    1 0 0 0 0 1 0 -1 0    0.5 0.5 0  1
    -1 0 0 0 0 1 0 1 0    0 0.5 0.5  1
      -1 0 0 0 0 -1 0 -1 0    0 0 0  1
    1 0 0 0 0 -1 0 1 0    0.5 0 0.5  1
    0 0 1 0 1 0 -1 0 0    0.5 0.5 0  1
    0 0 1 0 -1 0 1 0 0    0.5 0 0.5  1
    0 0 -1 0 1 0 1 0 0    0 0.5 0.5  1
      0 0 -1 0 -1 0 -1 0 0    0 0 0  1
      -1 0 0 0 -1 0 0 0 -1    0 0 0  1
    1 0 0 0 1 0 0 0 -1    0.5 0.5 0  1
    1 0 0 0 -1 0 0 0 1    0.5 0 0.5  1
    -1 0 0 0 1 0 0 0 1    0 0.5 0.5  1
      0 0 -1 -1 0 0 0 -1 0    0 0 0  1
    0 0 -1 1 0 0 0 1 0    0 0.5 0.5  1
    0 0 1 1 0 0 0 -1 0    0.5 0.5 0  1
    0 0 1 -1 0 0 0 1 0    0.5 0 0.5  1
      0 -1 0 0 0 -1 -1 0 0    0 0 0  1
    0 1 0 0 0 -1 1 0 0    0.5 0 0.5  1
    0 -1 0 0 0 1 1 0 0    0 0.5 0.5  1
    0 1 0 0 0 1 -1 0 0    0.5 0.5 0  1
   0 -1 0 -1 0 0 0 0 1    0.5 0.5 0  1
         0 1 0 1 0 0 0 0 1    0 0 0  1
   0 -1 0 1 0 0 0 0 -1    0.5 0 0.5  1
   0 1 0 -1 0 0 0 0 -1    0 0.5 0.5  1
   -1 0 0 0 0 -1 0 1 0    0.5 0.5 0  1
   1 0 0 0 0 -1 0 -1 0    0 0.5 0.5  1
         1 0 0 0 0 1 0 1 0    0 0 0  1
   -1 0 0 0 0 1 0 -1 0    0.5 0 0.5  1
   0 0 -1 0 -1 0 1 0 0    0.5 0.5 0  1
   0 0 -1 0 1 0 -1 0 0    0.5 0 0.5  1
   0 0 1 0 -1 0 -1 0 0    0 0.5 0.5  1
         0 0 1 0 1 0 1 0 0    0 0 0  1
   1 0 0 0 1 0 0 0 1    0.5 0.5 0.5 -1
     -1 0 0 0 -1 0 0 0 1    0 0 0.5 -1
     -1 0 0 0 1 0 0 0 -1    0 0.5 0 -1
     1 0 0 0 -1 0 0 0 -1    0.5 0 0 -1
   0 0 1 1 0 0 0 1 0    0.5 0.5 0.5 -1
     0 0 1 -1 0 0 0 -1 0    0.5 0 0 -1
     0 0 -1 -1 0 0 0 1 0    0 0 0.5 -1
     0 0 -1 1 0 0 0 -1 0    0 0.5 0 -1
   0 1 0 0 0 1 1 0 0    0.5 0.5 0.5 -1
     0 -1 0 0 0 1 -1 0 0    0 0.5 0 -1
     0 1 0 0 0 -1 -1 0 0    0.5 0 0 -1
     0 -1 0 0 0 -1 1 0 0    0 0 0.5 -1
      0 1 0 1 0 0 0 0 -1    0 0 0.5 -1
0 -1 0 -1 0 0 0 0 -1    0.5 0.5 0.5 -1
      0 1 0 -1 0 0 0 0 1    0 0.5 0 -1
      0 -1 0 1 0 0 0 0 1    0.5 0 0 -1
      1 0 0 0 0 1 0 -1 0    0 0 0.5 -1
      -1 0 0 0 0 1 0 1 0    0.5 0 0 -1
-1 0 0 0 0 -1 0 -1 0    0.5 0.5 0.5 -1
      1 0 0 0 0 -1 0 1 0    0 0.5 0 -1
      0 0 1 0 1 0 -1 0 0    0 0 0.5 -1
      0 0 1 0 -1 0 1 0 0    0 0.5 0 -1
      0 0 -1 0 1 0 1 0 0    0.5 0 0 -1
0 0 -1 0 -1 0 -1 0 0    0.5 0.5 0.5 -1
-1 0 0 0 -1 0 0 0 -1    0.5 0.5 0.5 -1
      1 0 0 0 1 0 0 0 -1    0 0 0.5 -1
      1 0 0 0 -1 0 0 0 1    0 0.5 0 -1
      -1 0 0 0 1 0 0 0 1    0.5 0 0 -1
0 0 -1 -1 0 0 0 -1 0    0.5 0.5 0.5 -1
      0 0 -1 1 0 0 0 1 0    0.5 0 0 -1
      0 0 1 1 0 0 0 -1 0    0 0 0.5 -1
      0 0 1 -1 0 0 0 1 0    0 0.5 0 -1
0 -1 0 0 0 -1 -1 0 0    0.5 0.5 0.5 -1
      0 1 0 0 0 -1 1 0 0    0 0.5 0 -1
      0 -1 0 0 0 1 1 0 0    0.5 0 0 -1
      0 1 0 0 0 1 -1 0 0    0 0 0.5 -1
     0 -1 0 -1 0 0 0 0 1    0 0 0.5 -1
   0 1 0 1 0 0 0 0 1    0.5 0.5 0.5 -1
     0 -1 0 1 0 0 0 0 -1    0 0.5 0 -1
     0 1 0 -1 0 0 0 0 -1    0.5 0 0 -1
     -1 0 0 0 0 -1 0 1 0    0 0 0.5 -1
     1 0 0 0 0 -1 0 -1 0    0.5 0 0 -1
   1 0 0 0 0 1 0 1 0    0.5 0.5 0.5 -1
     -1 0 0 0 0 1 0 -1 0    0 0.5 0 -1
     0 0 -1 0 -1 0 1 0 0    0 0 0.5 -1
     0 0 -1 0 1 0 -1 0 0    0 0.5 0 -1
     0 0 1 0 -1 0 -1 0 0    0.5 0 0 -1
   0 0 1 0 1 0 1 0 0    0.5 0.5 0.5 -1


 kpoint  GM : 0.000000 0.000000 0.000000  : 1 2 3 4 5 6 7 8 9 10 11 12 13 14 15 16 17 18 19 20 21 22 23 24 25 26 27 28 29 30 31 32 33 34 35 36 37 38 39 40 41 42 43 44 45 46 47 48
GM1+  1    1.00000 1.00000 1.00000 1.00000 1.00000 1.00000 1.00000 1.00000 1.00000 1.00000 1.00000 1.00000 1.00000 1.00000 1.00000 1.00000 1.00000 1.00000 1.00000 1.00000 1.00000 1.00000 1.00000 1.00000 1.00000 1.00000 1.00000 1.00000 1.00000 1.00000 1.00000 1.00000 1.00000 1.00000 1.00000 1.00000 1.00000 1.00000 1.00000 1.00000 1.00000 1.00000 1.00000 1.00000 1.00000 1.00000 1.00000 1.00000
GM1-  1    1.00000 1.00000 1.00000 1.00000 1.00000 1.00000 1.00000 1.00000 1.00000 1.00000 1.00000 1.00000 1.00000 1.00000 1.00000 1.00000 1.00000 1.00000 1.00000 1.00000 1.00000 1.00000 1.00000 1.00000 -1.00000 -1.00000 -1.00000 -1.00000 -1.00000 -1.00000 -1.00000 -1.00000 -1.00000 -1.00000 -1.00000 -1.00000 -1.00000 -1.00000 -1.00000 -1.00000 -1.00000 -1.00000 -1.00000 -1.00000 -1.00000 -1.00000 -1.00000 -1.00000
GM2+  1    1.00000 1.00000 1.00000 1.00000 1.00000 1.00000 1.00000 1.00000 1.00000 1.00000 1.00000 1.00000 -1.00000 -1.00000 -1.00000 -1.00000 -1.00000 -1.00000 -1.00000 -1.00000 -1.00000 -1.00000 -1.00000 -1.00000 1.00000 1.00000 1.00000 1.00000 1.00000 1.00000 1.00000 1.00000 1.00000 1.00000 1.00000 1.00000 -1.00000 -1.00000 -1.00000 -1.00000 -1.00000 -1.00000 -1.00000 -1.00000 -1.00000 -1.00000 -1.00000 -1.00000
GM2-  1    1.00000 1.00000 1.00000 1.00000 1.00000 1.00000 1.00000 1.00000 1.00000 1.00000 1.00000 1.00000 -1.00000 -1.00000 -1.00000 -1.00000 -1.00000 -1.00000 -1.00000 -1.00000 -1.00000 -1.00000 -1.00000 -1.00000 -1.00000 -1.00000 -1.00000 -1.00000 -1.00000 -1.00000 -1.00000 -1.00000 -1.00000 -1.00000 -1.00000 -1.00000 1.00000 1.00000 1.00000 1.00000 1.00000 1.00000 1.00000 1.00000 1.00000 1.00000 1.00000 1.00000
GM3+  2    2.00000 2.00000 2.00000 2.00000 -1.00000 -1.00000 -1.00000 -1.00000 -1.00000 -1.00000 -1.00000 -1.00000 0.00000 0.00000 0.00000 0.00000 0.00000 0.00000 0.00000 0.00000 0.00000 0.00000 0.00000 0.00000 2.00000 2.00000 2.00000 2.00000 -1.00000 -1.00000 -1.00000 -1.00000 -1.00000 -1.00000 -1.00000 -1.00000 0.00000 0.00000 0.00000 0.00000 0.00000 0.00000 0.00000 0.00000 0.00000 0.00000 0.00000 0.00000
GM3-  2    2.00000 2.00000 2.00000 2.00000 -1.00000 -1.00000 -1.00000 -1.00000 -1.00000 -1.00000 -1.00000 -1.00000 0.00000 0.00000 0.00000 0.00000 0.00000 0.00000 0.00000 0.00000 0.00000 0.00000 0.00000 0.00000 -2.00000 -2.00000 -2.00000 -2.00000 1.00000 1.00000 1.00000 1.00000 1.00000 1.00000 1.00000 1.00000 0.00000 0.00000 0.00000 0.00000 0.00000 0.00000 0.00000 0.00000 0.00000 0.00000 0.00000 0.00000
GM4+  3    3.00000 -1.00000 -1.00000 -1.00000 0.00000 0.00000 0.00000 0.00000 0.00000 0.00000 0.00000 0.00000 -1.00000 -1.00000 1.00000 1.00000 1.00000 -1.00000 -1.00000 1.00000 1.00000 -1.00000 1.00000 -1.00000 3.00000 -1.00000 -1.00000 -1.00000 0.00000 0.00000 0.00000 0.00000 0.00000 0.00000 0.00000 0.00000 -1.00000 -1.00000 1.00000 1.00000 1.00000 -1.00000 -1.00000 1.00000 1.00000 -1.00000 1.00000 -1.00000
GM4-  3    3.00000 -1.00000 -1.00000 -1.00000 0.00000 0.00000 0.00000 0.00000 0.00000 0.00000 0.00000 0.00000 -1.00000 -1.00000 1.00000 1.00000 1.00000 -1.00000 -1.00000 1.00000 1.00000 -1.00000 1.00000 -1.00000 -3.00000 1.00000 1.00000 1.00000 0.00000 0.00000 0.00000 0.00000 0.00000 0.00000 0.00000 0.00000 1.00000 1.00000 -1.00000 -1.00000 -1.00000 1.00000 1.00000 -1.00000 -1.00000 1.00000 -1.00000 1.00000
GM5+  3    3.00000 -1.00000 -1.00000 -1.00000 0.00000 0.00000 0.00000 0.00000 0.00000 0.00000 0.00000 0.00000 1.00000 1.00000 -1.00000 -1.00000 -1.00000 1.00000 1.00000 -1.00000 -1.00000 1.00000 -1.00000 1.00000 3.00000 -1.00000 -1.00000 -1.00000 0.00000 0.00000 0.00000 0.00000 0.00000 0.00000 0.00000 0.00000 1.00000 1.00000 -1.00000 -1.00000 -1.00000 1.00000 1.00000 -1.00000 -1.00000 1.00000 -1.00000 1.00000
GM5-  3    3.00000 -1.00000 -1.00000 -1.00000 0.00000 0.00000 0.00000 0.00000 0.00000 0.00000 0.00000 0.00000 1.00000 1.00000 -1.00000 -1.00000 -1.00000 1.00000 1.00000 -1.00000 -1.00000 1.00000 -1.00000 1.00000 -3.00000 1.00000 1.00000 1.00000 0.00000 0.00000 0.00000 0.00000 0.00000 0.00000 0.00000 0.00000 -1.00000 -1.00000 1.00000 1.00000 1.00000 -1.00000 -1.00000 1.00000 1.00000 -1.00000 1.00000 -1.00000



 kpoint  M : 0.500000 0.500000 0.000000  : 1 2 3 4 13 14 15 16 25 26 27 28 37 38 39 40
M1  2    2.00000 2.00000 0.00000 0.00000 0.00000 0.00000 0.00000 0.00000 0.00000 0.00000 0.00000 0.00000 2.00000 2.00000 0.00000 0.00000
M2  2    2.00000 2.00000 0.00000 0.00000 0.00000 0.00000 0.00000 0.00000 0.00000 0.00000 0.00000 0.00000 -2.00000 -2.00000 0.00000 0.00000
M3  2    2.00000 -2.00000 0.00000 0.00000 -2.00000 2.00000 0.00000 0.00000 0.00000 0.00000 0.00000 0.00000 0.00000 0.00000 0.00000 0.00000
M4  2    2.00000 -2.00000 0.00000 0.00000 2.00000 -2.00000 0.00000 0.00000 0.00000 0.00000 0.00000 0.00000 0.00000 0.00000 0.00000 0.00000



 kpoint  R : 0.500000 0.500000 0.500000  : 1 2 3 4 5 6 7 8 9 10 11 12 13 14 15 16 17 18 19 20 21 22 23 24 25 26 27 28 29 30 31 32 33 34 35 36 37 38 39 40 41 42 43 44 45 46 47 48
R1+R2-  2    2.00000 2.00000 2.00000 2.00000 2.00000 2.00000 2.00000 2.00000 2.00000 2.00000 2.00000 2.00000 0.00000 0.00000 0.00000 0.00000 0.00000 0.00000 0.00000 0.00000 0.00000 0.00000 0.00000 0.00000 0.00000 0.00000 0.00000 0.00000 0.00000 0.00000 0.00000 0.00000 0.00000 0.00000 0.00000 0.00000 2.00000 2.00000 2.00000 2.00000 2.00000 2.00000 2.00000 2.00000 2.00000 2.00000 2.00000 2.00000
R1-R2+  2    2.00000 2.00000 2.00000 2.00000 2.00000 2.00000 2.00000 2.00000 2.00000 2.00000 2.00000 2.00000 0.00000 0.00000 0.00000 0.00000 0.00000 0.00000 0.00000 0.00000 0.00000 0.00000 0.00000 0.00000 0.00000 0.00000 0.00000 0.00000 0.00000 0.00000 0.00000 0.00000 0.00000 0.00000 0.00000 0.00000 -2.00000 -2.00000 -2.00000 -2.00000 -2.00000 -2.00000 -2.00000 -2.00000 -2.00000 -2.00000 -2.00000 -2.00000
R3-R3+  4    4.00000 4.00000 4.00000 4.00000 -2.00000 -2.00000 -2.00000 -2.00000 -2.00000 -2.00000 -2.00000 -2.00000 0.00000 0.00000 0.00000 0.00000 0.00000 0.00000 0.00000 0.00000 0.00000 0.00000 0.00000 0.00000 0.00000 0.00000 0.00000 0.00000 0.00000 0.00000 0.00000 0.00000 0.00000 0.00000 0.00000 0.00000 0.00000 0.00000 0.00000 0.00000 0.00000 0.00000 0.00000 0.00000 0.00000 0.00000 0.00000 0.00000
R4+R5-  6    6.00000 -2.00000 -2.00000 -2.00000 0.00000 0.00000 0.00000 0.00000 0.00000 0.00000 0.00000 0.00000 0.00000 0.00000 0.00000 0.00000 0.00000 0.00000 0.00000 0.00000 0.00000 0.00000 0.00000 0.00000 0.00000 0.00000 0.00000 0.00000 0.00000 0.00000 0.00000 0.00000 0.00000 0.00000 0.00000 0.00000 -2.00000 -2.00000 2.00000 2.00000 2.00000 -2.00000 -2.00000 2.00000 2.00000 -2.00000 2.00000 -2.00000
R4-R5+  6    6.00000 -2.00000 -2.00000 -2.00000 0.00000 0.00000 0.00000 0.00000 0.00000 0.00000 0.00000 0.00000 0.00000 0.00000 0.00000 0.00000 0.00000 0.00000 0.00000 0.00000 0.00000 0.00000 0.00000 0.00000 0.00000 0.00000 0.00000 0.00000 0.00000 0.00000 0.00000 0.00000 0.00000 0.00000 0.00000 0.00000 2.00000 2.00000 -2.00000 -2.00000 -2.00000 2.00000 2.00000 -2.00000 -2.00000 2.00000 -2.00000 2.00000



 kpoint  X : 0.000000 0.500000 0.000000  : 1 2 3 4 21 22 23 24 25 26 27 28 45 46 47 48
X1  2    2.00000 0.00000 2.00000 0.00000 0.00000 0.00000 0.00000 0.00000 0.00000 0.00000 0.00000 0.00000 0.00000 2.00000 0.00000 2.00000
X2  2    2.00000 0.00000 2.00000 0.00000 0.00000 0.00000 0.00000 0.00000 0.00000 0.00000 0.00000 0.00000 0.00000 -2.00000 0.00000 -2.00000
X3X4  4    4.00000 0.00000 -4.00000 0.00000 0.00000 0.00000 0.00000 0.00000 0.00000 0.00000 0.00000 0.00000 0.00000 0.00000 0.00000 0.00000
