SG=124.351
 name=P4/mcc
 nsym=16
 spinor=False
symmetries=
     1 0 0 0 1 0 0 0 1    0 0 0 1
   -1 0 0 0 -1 0 0 0 1    0 0 0 1
    0 -1 0 1 0 0 0 0 1    0 0 0 1
    0 1 0 -1 0 0 0 0 1    0 0 0 1
 -1 0 0 0 1 0 0 0 -1    0 0 0.5 1
 1 0 0 0 -1 0 0 0 -1    0 0 0.5 1
  0 1 0 1 0 0 0 0 -1    0 0 0.5 1
0 -1 0 -1 0 0 0 0 -1    0 0 0.5 1
  -1 0 0 0 -1 0 0 0 -1    0 0 0 1
    1 0 0 0 1 0 0 0 -1    0 0 0 1
   0 1 0 -1 0 0 0 0 -1    0 0 0 1
   0 -1 0 1 0 0 0 0 -1    0 0 0 1
  1 0 0 0 -1 0 0 0 1    0 0 0.5 1
  -1 0 0 0 1 0 0 0 1    0 0 0.5 1
 0 -1 0 -1 0 0 0 0 1    0 0 0.5 1
   0 1 0 1 0 0 0 0 1    0 0 0.5 1


 kpoint  GM : 0.000000 0.000000 0.000000  : 1 2 3 4 5 6 7 8 9 10 11 12 13 14 15 16
GM1+  1    1.00000 1.00000 1.00000 1.00000 1.00000 1.00000 1.00000 1.00000 1.00000 1.00000 1.00000 1.00000 1.00000 1.00000 1.00000 1.00000
GM1-  1    1.00000 1.00000 1.00000 1.00000 1.00000 1.00000 1.00000 1.00000 -1.00000 -1.00000 -1.00000 -1.00000 -1.00000 -1.00000 -1.00000 -1.00000
GM2+  1    1.00000 1.00000 -1.00000 -1.00000 1.00000 1.00000 -1.00000 -1.00000 1.00000 1.00000 -1.00000 -1.00000 1.00000 1.00000 -1.00000 -1.00000
GM2-  1    1.00000 1.00000 -1.00000 -1.00000 1.00000 1.00000 -1.00000 -1.00000 -1.00000 -1.00000 1.00000 1.00000 -1.00000 -1.00000 1.00000 1.00000
GM3+  1    1.00000 1.00000 1.00000 1.00000 -1.00000 -1.00000 -1.00000 -1.00000 1.00000 1.00000 1.00000 1.00000 -1.00000 -1.00000 -1.00000 -1.00000
GM3-  1    1.00000 1.00000 1.00000 1.00000 -1.00000 -1.00000 -1.00000 -1.00000 -1.00000 -1.00000 -1.00000 -1.00000 1.00000 1.00000 1.00000 1.00000
GM4+  1    1.00000 1.00000 -1.00000 -1.00000 -1.00000 -1.00000 1.00000 1.00000 1.00000 1.00000 -1.00000 -1.00000 -1.00000 -1.00000 1.00000 1.00000
GM4-  1    1.00000 1.00000 -1.00000 -1.00000 -1.00000 -1.00000 1.00000 1.00000 -1.00000 -1.00000 1.00000 1.00000 1.00000 1.00000 -1.00000 -1.00000
GM5+  2    2.00000 -2.00000 0.00000 0.00000 0.00000 0.00000 0.00000 0.00000 2.00000 -2.00000 0.00000 0.00000 0.00000 0.00000 0.00000 0.00000
GM5-  2    2.00000 -2.00000 0.00000 0.00000 0.00000 0.00000 0.00000 0.00000 -2.00000 2.00000 0.00000 0.00000 0.00000 0.00000 0.00000 0.00000



 kpoint  A : 0.500000 0.500000 0.500000  : 1 2 3 4 5 6 7 8 9 10 11 12 13 14 15 16
A1  2    2.00000 2.00000 -2.00000 -2.00000 0.00000 0.00000 0.00000 0.00000 0.00000 0.00000 0.00000 0.00000 0.00000 0.00000 0.00000 0.00000
A2  2    2.00000 2.00000 2.00000 2.00000 0.00000 0.00000 0.00000 0.00000 0.00000 0.00000 0.00000 0.00000 0.00000 0.00000 0.00000 0.00000
A3  2    2.00000 2.00000 0.00000 0.00000 0.00000 0.00000 0.00000 0.00000 0.00000 0.00000 2.00000 2.00000 0.00000 0.00000 0.00000 0.00000 0.00000 -1.00000 0.00000 0.00000 0.00000 0.00000 0.00000 0.00000 0.00000 0.00000 -0.50000 0.50000 0.00000 0.00000 0.00000 0.00000
A4  2    2.00000 2.00000 0.00000 0.00000 0.00000 0.00000 0.00000 0.00000 0.00000 0.00000 2.00000 2.00000 0.00000 0.00000 0.00000 0.00000 0.00000 -1.00000 0.00000 0.00000 0.00000 0.00000 0.00000 0.00000 0.00000 0.00000 0.50000 -0.50000 0.00000 0.00000 0.00000 0.00000



 kpoint  M : 0.500000 0.500000 0.000000  : 1 2 3 4 5 6 7 8 9 10 11 12 13 14 15 16
M1+  1    1.00000 1.00000 1.00000 1.00000 1.00000 1.00000 1.00000 1.00000 1.00000 1.00000 1.00000 1.00000 1.00000 1.00000 1.00000 1.00000
M1-  1    1.00000 1.00000 1.00000 1.00000 1.00000 1.00000 1.00000 1.00000 -1.00000 -1.00000 -1.00000 -1.00000 -1.00000 -1.00000 -1.00000 -1.00000
M2+  1    1.00000 1.00000 -1.00000 -1.00000 1.00000 1.00000 -1.00000 -1.00000 1.00000 1.00000 -1.00000 -1.00000 1.00000 1.00000 -1.00000 -1.00000
M2-  1    1.00000 1.00000 -1.00000 -1.00000 1.00000 1.00000 -1.00000 -1.00000 -1.00000 -1.00000 1.00000 1.00000 -1.00000 -1.00000 1.00000 1.00000
M3+  1    1.00000 1.00000 1.00000 1.00000 -1.00000 -1.00000 -1.00000 -1.00000 1.00000 1.00000 1.00000 1.00000 -1.00000 -1.00000 -1.00000 -1.00000
M3-  1    1.00000 1.00000 1.00000 1.00000 -1.00000 -1.00000 -1.00000 -1.00000 -1.00000 -1.00000 -1.00000 -1.00000 1.00000 1.00000 1.00000 1.00000
M4+  1    1.00000 1.00000 -1.00000 -1.00000 -1.00000 -1.00000 1.00000 1.00000 1.00000 1.00000 -1.00000 -1.00000 -1.00000 -1.00000 1.00000 1.00000
M4-  1    1.00000 1.00000 -1.00000 -1.00000 -1.00000 -1.00000 1.00000 1.00000 -1.00000 -1.00000 1.00000 1.00000 1.00000 1.00000 -1.00000 -1.00000
M5+  2    2.00000 -2.00000 0.00000 0.00000 0.00000 0.00000 0.00000 0.00000 2.00000 -2.00000 0.00000 0.00000 0.00000 0.00000 0.00000 0.00000
M5-  2    2.00000 -2.00000 0.00000 0.00000 0.00000 0.00000 0.00000 0.00000 -2.00000 2.00000 0.00000 0.00000 0.00000 0.00000 0.00000 0.00000



 kpoint  R : 0.000000 0.500000 0.500000  : 1 2 5 6 9 10 13 14
R1  2    2.00000 2.00000 0.00000 0.00000 0.00000 0.00000 0.00000 0.00000
R2  2    2.00000 -2.00000 0.00000 0.00000 0.00000 0.00000 0.00000 0.00000



 kpoint  X : 0.000000 0.500000 0.000000  : 1 2 5 6 9 10 13 14
X1+  1    1.00000 1.00000 1.00000 1.00000 1.00000 1.00000 1.00000 1.00000
X1-  1    1.00000 1.00000 1.00000 1.00000 -1.00000 -1.00000 -1.00000 -1.00000
X2+  1    1.00000 1.00000 -1.00000 -1.00000 1.00000 1.00000 -1.00000 -1.00000
X2-  1    1.00000 1.00000 -1.00000 -1.00000 -1.00000 -1.00000 1.00000 1.00000
X3+  1    1.00000 -1.00000 -1.00000 1.00000 1.00000 -1.00000 -1.00000 1.00000
X3-  1    1.00000 -1.00000 -1.00000 1.00000 -1.00000 1.00000 1.00000 -1.00000
X4+  1    1.00000 -1.00000 1.00000 -1.00000 1.00000 -1.00000 1.00000 -1.00000
X4-  1    1.00000 -1.00000 1.00000 -1.00000 -1.00000 1.00000 -1.00000 1.00000



 kpoint  Z : 0.000000 0.000000 0.500000  : 1 2 3 4 5 6 7 8 9 10 11 12 13 14 15 16
Z1  2    2.00000 2.00000 -2.00000 -2.00000 0.00000 0.00000 0.00000 0.00000 0.00000 0.00000 0.00000 0.00000 0.00000 0.00000 0.00000 0.00000
Z2  2    2.00000 2.00000 2.00000 2.00000 0.00000 0.00000 0.00000 0.00000 0.00000 0.00000 0.00000 0.00000 0.00000 0.00000 0.00000 0.00000
Z3  2    2.00000 2.00000 0.00000 0.00000 0.00000 0.00000 0.00000 0.00000 0.00000 0.00000 2.00000 2.00000 0.00000 0.00000 0.00000 0.00000 0.00000 -1.00000 0.00000 0.00000 0.00000 0.00000 0.00000 0.00000 0.00000 0.00000 -0.50000 0.50000 0.00000 0.00000 0.00000 0.00000
Z4  2    2.00000 2.00000 0.00000 0.00000 0.00000 0.00000 0.00000 0.00000 0.00000 0.00000 2.00000 2.00000 0.00000 0.00000 0.00000 0.00000 0.00000 -1.00000 0.00000 0.00000 0.00000 0.00000 0.00000 0.00000 0.00000 0.00000 0.50000 -0.50000 0.00000 0.00000 0.00000 0.00000
