SG=200.17
 name=P_Im-3
 nsym=48
 spinor=True
symmetries=
         1 0 0 0 1 0 0 0 1    0 0 0                                                                    1.0 0.0 0.0 1.0    0.0 0.0 0.0 0.0  1
       -1 0 0 0 -1 0 0 0 1    0 0 0                                                                   1.0 0.0 0.0 1.0    -0.5 0.0 0.0 0.5  1
       -1 0 0 0 1 0 0 0 -1    0 0 0                                                                    0.0 1.0 1.0 0.0    0.0 1.0 0.0 0.0  1
       1 0 0 0 -1 0 0 0 -1    0 0 0                                                                  0.0 1.0 1.0 0.0    0.0 -0.5 -0.5 0.0  1
         0 0 1 1 0 0 0 1 0    0 0 0 0.7071067811865476 0.7071067811865476 0.7071067811865476 0.7071067811865476    -0.25 -0.75 -0.25 0.25  1
       0 0 1 -1 0 0 0 -1 0    0 0 0   0.7071067811865476 0.7071067811865476 0.7071067811865476 0.7071067811865476    0.25 0.75 0.25 -0.25  1
       0 0 -1 -1 0 0 0 1 0    0 0 0 0.7071067811865476 0.7071067811865476 0.7071067811865476 0.7071067811865476    0.25 -0.25 -0.75 -0.25  1
       0 0 -1 1 0 0 0 -1 0    0 0 0   0.7071067811865476 0.7071067811865476 0.7071067811865476 0.7071067811865476    -0.25 0.25 0.75 0.25  1
         0 1 0 0 0 1 1 0 0    0 0 0   0.7071067811865476 0.7071067811865476 0.7071067811865476 0.7071067811865476    0.25 0.25 0.75 -0.25  1
       0 -1 0 0 0 1 -1 0 0    0 0 0   0.7071067811865476 0.7071067811865476 0.7071067811865476 0.7071067811865476    -0.25 0.75 0.25 0.25  1
       0 1 0 0 0 -1 -1 0 0    0 0 0 0.7071067811865476 0.7071067811865476 0.7071067811865476 0.7071067811865476    0.25 -0.75 -0.25 -0.25  1
       0 -1 0 0 0 -1 1 0 0    0 0 0 0.7071067811865476 0.7071067811865476 0.7071067811865476 0.7071067811865476    -0.25 -0.25 -0.75 0.25  1
      -1 0 0 0 -1 0 0 0 -1    0 0 0                                                                    1.0 0.0 0.0 1.0    0.0 0.0 0.0 0.0  1
        1 0 0 0 1 0 0 0 -1    0 0 0                                                                   1.0 0.0 0.0 1.0    -0.5 0.0 0.0 0.5  1
        1 0 0 0 -1 0 0 0 1    0 0 0                                                                    0.0 1.0 1.0 0.0    0.0 1.0 0.0 0.0  1
        -1 0 0 0 1 0 0 0 1    0 0 0                                                                  0.0 1.0 1.0 0.0    0.0 -0.5 -0.5 0.0  1
      0 0 -1 -1 0 0 0 -1 0    0 0 0 0.7071067811865476 0.7071067811865476 0.7071067811865476 0.7071067811865476    -0.25 -0.75 -0.25 0.25  1
        0 0 -1 1 0 0 0 1 0    0 0 0   0.7071067811865476 0.7071067811865476 0.7071067811865476 0.7071067811865476    0.25 0.75 0.25 -0.25  1
        0 0 1 1 0 0 0 -1 0    0 0 0 0.7071067811865476 0.7071067811865476 0.7071067811865476 0.7071067811865476    0.25 -0.25 -0.75 -0.25  1
        0 0 1 -1 0 0 0 1 0    0 0 0   0.7071067811865476 0.7071067811865476 0.7071067811865476 0.7071067811865476    -0.25 0.25 0.75 0.25  1
      0 -1 0 0 0 -1 -1 0 0    0 0 0   0.7071067811865476 0.7071067811865476 0.7071067811865476 0.7071067811865476    0.25 0.25 0.75 -0.25  1
        0 1 0 0 0 -1 1 0 0    0 0 0   0.7071067811865476 0.7071067811865476 0.7071067811865476 0.7071067811865476    -0.25 0.75 0.25 0.25  1
        0 -1 0 0 0 1 1 0 0    0 0 0 0.7071067811865476 0.7071067811865476 0.7071067811865476 0.7071067811865476    0.25 -0.75 -0.25 -0.25  1
        0 1 0 0 0 1 -1 0 0    0 0 0 0.7071067811865476 0.7071067811865476 0.7071067811865476 0.7071067811865476    -0.25 -0.25 -0.75 0.25  1
   1 0 0 0 1 0 0 0 1    0.5 0.5 0.5                                                                    1.0 0.0 0.0 1.0    0.0 0.0 0.0 0.0 -1
 -1 0 0 0 -1 0 0 0 1    0.5 0.5 0.5                                                                   1.0 0.0 0.0 1.0    -0.5 0.0 0.0 0.5 -1
 -1 0 0 0 1 0 0 0 -1    0.5 0.5 0.5                                                                    0.0 1.0 1.0 0.0    0.0 1.0 0.0 0.0 -1
 1 0 0 0 -1 0 0 0 -1    0.5 0.5 0.5                                                                  0.0 1.0 1.0 0.0    0.0 -0.5 -0.5 0.0 -1
   0 0 1 1 0 0 0 1 0    0.5 0.5 0.5 0.7071067811865476 0.7071067811865476 0.7071067811865476 0.7071067811865476    -0.25 -0.75 -0.25 0.25 -1
 0 0 1 -1 0 0 0 -1 0    0.5 0.5 0.5   0.7071067811865476 0.7071067811865476 0.7071067811865476 0.7071067811865476    0.25 0.75 0.25 -0.25 -1
 0 0 -1 -1 0 0 0 1 0    0.5 0.5 0.5 0.7071067811865476 0.7071067811865476 0.7071067811865476 0.7071067811865476    0.25 -0.25 -0.75 -0.25 -1
 0 0 -1 1 0 0 0 -1 0    0.5 0.5 0.5   0.7071067811865476 0.7071067811865476 0.7071067811865476 0.7071067811865476    -0.25 0.25 0.75 0.25 -1
   0 1 0 0 0 1 1 0 0    0.5 0.5 0.5   0.7071067811865476 0.7071067811865476 0.7071067811865476 0.7071067811865476    0.25 0.25 0.75 -0.25 -1
 0 -1 0 0 0 1 -1 0 0    0.5 0.5 0.5   0.7071067811865476 0.7071067811865476 0.7071067811865476 0.7071067811865476    -0.25 0.75 0.25 0.25 -1
 0 1 0 0 0 -1 -1 0 0    0.5 0.5 0.5 0.7071067811865476 0.7071067811865476 0.7071067811865476 0.7071067811865476    0.25 -0.75 -0.25 -0.25 -1
 0 -1 0 0 0 -1 1 0 0    0.5 0.5 0.5 0.7071067811865476 0.7071067811865476 0.7071067811865476 0.7071067811865476    -0.25 -0.25 -0.75 0.25 -1
-1 0 0 0 -1 0 0 0 -1    0.5 0.5 0.5                                                                    1.0 0.0 0.0 1.0    0.0 0.0 0.0 0.0 -1
  1 0 0 0 1 0 0 0 -1    0.5 0.5 0.5                                                                   1.0 0.0 0.0 1.0    -0.5 0.0 0.0 0.5 -1
  1 0 0 0 -1 0 0 0 1    0.5 0.5 0.5                                                                    0.0 1.0 1.0 0.0    0.0 1.0 0.0 0.0 -1
  -1 0 0 0 1 0 0 0 1    0.5 0.5 0.5                                                                  0.0 1.0 1.0 0.0    0.0 -0.5 -0.5 0.0 -1
0 0 -1 -1 0 0 0 -1 0    0.5 0.5 0.5 0.7071067811865476 0.7071067811865476 0.7071067811865476 0.7071067811865476    -0.25 -0.75 -0.25 0.25 -1
  0 0 -1 1 0 0 0 1 0    0.5 0.5 0.5   0.7071067811865476 0.7071067811865476 0.7071067811865476 0.7071067811865476    0.25 0.75 0.25 -0.25 -1
  0 0 1 1 0 0 0 -1 0    0.5 0.5 0.5 0.7071067811865476 0.7071067811865476 0.7071067811865476 0.7071067811865476    0.25 -0.25 -0.75 -0.25 -1
  0 0 1 -1 0 0 0 1 0    0.5 0.5 0.5   0.7071067811865476 0.7071067811865476 0.7071067811865476 0.7071067811865476    -0.25 0.25 0.75 0.25 -1
0 -1 0 0 0 -1 -1 0 0    0.5 0.5 0.5   0.7071067811865476 0.7071067811865476 0.7071067811865476 0.7071067811865476    0.25 0.25 0.75 -0.25 -1
  0 1 0 0 0 -1 1 0 0    0.5 0.5 0.5   0.7071067811865476 0.7071067811865476 0.7071067811865476 0.7071067811865476    -0.25 0.75 0.25 0.25 -1
  0 -1 0 0 0 1 1 0 0    0.5 0.5 0.5 0.7071067811865476 0.7071067811865476 0.7071067811865476 0.7071067811865476    0.25 -0.75 -0.25 -0.25 -1
  0 1 0 0 0 1 -1 0 0    0.5 0.5 0.5 0.7071067811865476 0.7071067811865476 0.7071067811865476 0.7071067811865476    -0.25 -0.25 -0.75 0.25 -1


 kpoint  GM : 0.000000 0.000000 0.000000  : 1 2 3 4 5 6 7 8 9 10 11 12 13 14 15 16 17 18 19 20 21 22 23 24
-GM10GM9  4    4.00000 0.00000 0.00000 0.00000 -1.00000 -1.00000 -1.00000 -1.00000 -1.00000 -1.00000 -1.00000 -1.00000 -4.00000 0.00000 0.00000 0.00000 1.00000 1.00000 1.00000 1.00000 1.00000 1.00000 1.00000 1.00000
-GM5  2    2.00000 0.00000 0.00000 0.00000 1.00000 1.00000 1.00000 1.00000 1.00000 1.00000 1.00000 1.00000 2.00000 0.00000 0.00000 0.00000 1.00000 1.00000 1.00000 1.00000 1.00000 1.00000 1.00000 1.00000
-GM6GM7  4    4.00000 0.00000 0.00000 0.00000 -1.00000 -1.00000 -1.00000 -1.00000 -1.00000 -1.00000 -1.00000 -1.00000 4.00000 0.00000 0.00000 0.00000 -1.00000 -1.00000 -1.00000 -1.00000 -1.00000 -1.00000 -1.00000 -1.00000
-GM8  2    2.00000 0.00000 0.00000 0.00000 1.00000 1.00000 1.00000 1.00000 1.00000 1.00000 1.00000 1.00000 -2.00000 0.00000 0.00000 0.00000 -1.00000 -1.00000 -1.00000 -1.00000 -1.00000 -1.00000 -1.00000 -1.00000



 kpoint  M : 0.500000 0.500000 0.000000  : 1 2 3 4 13 14 15 16
-M5M5  4    4.00000 0.00000 0.00000 0.00000 4.00000 0.00000 0.00000 0.00000
-M6M6  4    4.00000 0.00000 0.00000 0.00000 -4.00000 0.00000 0.00000 0.00000



 kpoint  R : 0.500000 0.500000 0.500000  : 1 2 3 4 5 6 7 8 9 10 11 12 13 14 15 16 17 18 19 20 21 22 23 24
-R10R6  4    4.00000 0.00000 0.00000 0.00000 1.00000 1.00000 1.00000 1.00000 1.00000 1.00000 1.00000 1.00000 0.00000 0.00000 0.00000 0.00000 1.73205 1.73205 1.73205 1.73205 1.73205 1.73205 1.73205 1.73205 0.00000 0.00000 0.00000 0.00000 1.00000 1.00000 1.00000 1.00000 1.00000 1.00000 1.00000 1.00000 0.00000 0.00000 0.00000 0.00000 0.50000 0.50000 0.50000 0.50000 -0.50000 -0.50000 -0.50000 -0.50000
-R5R8  4    4.00000 0.00000 0.00000 0.00000 2.00000 2.00000 2.00000 2.00000 2.00000 2.00000 2.00000 2.00000 0.00000 0.00000 0.00000 0.00000 0.00000 0.00000 0.00000 0.00000 0.00000 0.00000 0.00000 0.00000
-R7R9  4    4.00000 0.00000 0.00000 0.00000 1.00000 1.00000 1.00000 1.00000 1.00000 1.00000 1.00000 1.00000 0.00000 0.00000 0.00000 0.00000 1.73205 1.73205 1.73205 1.73205 1.73205 1.73205 1.73205 1.73205 0.00000 0.00000 0.00000 0.00000 1.00000 1.00000 1.00000 1.00000 1.00000 1.00000 1.00000 1.00000 0.00000 0.00000 0.00000 0.00000 -0.50000 -0.50000 -0.50000 -0.50000 0.50000 0.50000 0.50000 0.50000



 kpoint  X : 0.000000 0.500000 0.000000  : 1 2 3 4 13 14 15 16
-X5X6  4    4.00000 0.00000 0.00000 0.00000 0.00000 0.00000 0.00000 0.00000
