SG=134.472
 name=P4_2/nnm1'
 nsym=32
 spinor=True
symmetries=
       1 0 0 0 1 0 0 0 1    0 0 0     1.0 0.0 0.0 1.0    0.0 0.0 0.0 0.0  1
 -1 0 0 0 -1 0 0 0 1    0.5 0.5 0    1.0 0.0 0.0 1.0    -0.5 0.0 0.0 0.5  1
  0 -1 0 1 0 0 0 0 1    0.5 0 0.5  1.0 0.0 0.0 1.0    -0.25 0.0 0.0 0.25  1
  0 1 0 -1 0 0 0 0 1    0 0.5 0.5  1.0 0.0 0.0 1.0    0.25 0.0 0.0 -0.25  1
 -1 0 0 0 1 0 0 0 -1    0.5 0 0.5     0.0 1.0 1.0 0.0    0.0 1.0 0.0 0.0  1
 1 0 0 0 -1 0 0 0 -1    0 0.5 0.5   0.0 1.0 1.0 0.0    0.0 -0.5 -0.5 0.0  1
      0 1 0 1 0 0 0 0 -1    0 0 0 0.0 1.0 1.0 0.0    0.0 -0.75 -0.25 0.0  1
0 -1 0 -1 0 0 0 0 -1    0.5 0.5 0   0.0 1.0 1.0 0.0    0.0 0.75 0.25 0.0  1
    -1 0 0 0 -1 0 0 0 -1    0 0 0     1.0 0.0 0.0 1.0    0.0 0.0 0.0 0.0  1
  1 0 0 0 1 0 0 0 -1    0.5 0.5 0    1.0 0.0 0.0 1.0    -0.5 0.0 0.0 0.5  1
 0 1 0 -1 0 0 0 0 -1    0.5 0 0.5  1.0 0.0 0.0 1.0    -0.25 0.0 0.0 0.25  1
 0 -1 0 1 0 0 0 0 -1    0 0.5 0.5  1.0 0.0 0.0 1.0    0.25 0.0 0.0 -0.25  1
  1 0 0 0 -1 0 0 0 1    0.5 0 0.5     0.0 1.0 1.0 0.0    0.0 1.0 0.0 0.0  1
  -1 0 0 0 1 0 0 0 1    0 0.5 0.5   0.0 1.0 1.0 0.0    0.0 -0.5 -0.5 0.0  1
     0 -1 0 -1 0 0 0 0 1    0 0 0 0.0 1.0 1.0 0.0    0.0 -0.75 -0.25 0.0  1
   0 1 0 1 0 0 0 0 1    0.5 0.5 0   0.0 1.0 1.0 0.0    0.0 0.75 0.25 0.0  1
       1 0 0 0 1 0 0 0 1    0 0 0     1.0 0.0 0.0 1.0    0.0 0.0 0.0 0.0 -1
 -1 0 0 0 -1 0 0 0 1    0.5 0.5 0    1.0 0.0 0.0 1.0    -0.5 0.0 0.0 0.5 -1
  0 -1 0 1 0 0 0 0 1    0.5 0 0.5  1.0 0.0 0.0 1.0    -0.25 0.0 0.0 0.25 -1
  0 1 0 -1 0 0 0 0 1    0 0.5 0.5  1.0 0.0 0.0 1.0    0.25 0.0 0.0 -0.25 -1
 -1 0 0 0 1 0 0 0 -1    0.5 0 0.5     0.0 1.0 1.0 0.0    0.0 1.0 0.0 0.0 -1
 1 0 0 0 -1 0 0 0 -1    0 0.5 0.5   0.0 1.0 1.0 0.0    0.0 -0.5 -0.5 0.0 -1
      0 1 0 1 0 0 0 0 -1    0 0 0 0.0 1.0 1.0 0.0    0.0 -0.75 -0.25 0.0 -1
0 -1 0 -1 0 0 0 0 -1    0.5 0.5 0   0.0 1.0 1.0 0.0    0.0 0.75 0.25 0.0 -1
    -1 0 0 0 -1 0 0 0 -1    0 0 0     1.0 0.0 0.0 1.0    0.0 0.0 0.0 0.0 -1
  1 0 0 0 1 0 0 0 -1    0.5 0.5 0    1.0 0.0 0.0 1.0    -0.5 0.0 0.0 0.5 -1
 0 1 0 -1 0 0 0 0 -1    0.5 0 0.5  1.0 0.0 0.0 1.0    -0.25 0.0 0.0 0.25 -1
 0 -1 0 1 0 0 0 0 -1    0 0.5 0.5  1.0 0.0 0.0 1.0    0.25 0.0 0.0 -0.25 -1
  1 0 0 0 -1 0 0 0 1    0.5 0 0.5     0.0 1.0 1.0 0.0    0.0 1.0 0.0 0.0 -1
  -1 0 0 0 1 0 0 0 1    0 0.5 0.5   0.0 1.0 1.0 0.0    0.0 -0.5 -0.5 0.0 -1
     0 -1 0 -1 0 0 0 0 1    0 0 0 0.0 1.0 1.0 0.0    0.0 -0.75 -0.25 0.0 -1
   0 1 0 1 0 0 0 0 1    0.5 0.5 0   0.0 1.0 1.0 0.0    0.0 0.75 0.25 0.0 -1


 kpoint  GM : 0.000000 0.000000 0.000000  : 1 2 3 4 5 6 7 8 9 10 11 12 13 14 15 16
-GM6  2    2.00000 0.00000 -1.41421 -1.41421 0.00000 0.00000 0.00000 0.00000 2.00000 0.00000 -1.41421 -1.41421 0.00000 0.00000 0.00000 0.00000
-GM7  2    2.00000 0.00000 1.41421 1.41421 0.00000 0.00000 0.00000 0.00000 2.00000 0.00000 1.41421 1.41421 0.00000 0.00000 0.00000 0.00000
-GM8  2    2.00000 0.00000 -1.41421 -1.41421 0.00000 0.00000 0.00000 0.00000 -2.00000 0.00000 1.41421 1.41421 0.00000 0.00000 0.00000 0.00000
-GM9  2    2.00000 0.00000 1.41421 1.41421 0.00000 0.00000 0.00000 0.00000 -2.00000 0.00000 -1.41421 -1.41421 0.00000 0.00000 0.00000 0.00000



 kpoint  A : 0.500000 0.500000 0.500000  : 1 2 3 4 5 6 7 8 9 10 11 12 13 14 15 16
-A6  2    2.00000 0.00000 -1.41421 1.41421 0.00000 0.00000 0.00000 0.00000 2.00000 0.00000 -1.41421 1.41421 0.00000 0.00000 0.00000 0.00000
-A7  2    2.00000 0.00000 1.41421 -1.41421 0.00000 0.00000 0.00000 0.00000 2.00000 0.00000 1.41421 -1.41421 0.00000 0.00000 0.00000 0.00000
-A8  2    2.00000 0.00000 -1.41421 1.41421 0.00000 0.00000 0.00000 0.00000 -2.00000 0.00000 1.41421 -1.41421 0.00000 0.00000 0.00000 0.00000
-A9  2    2.00000 0.00000 1.41421 -1.41421 0.00000 0.00000 0.00000 0.00000 -2.00000 0.00000 -1.41421 1.41421 0.00000 0.00000 0.00000 0.00000



 kpoint  M : 0.500000 0.500000 0.000000  : 1 2 3 4 5 6 7 8 9 10 11 12 13 14 15 16
-M5  4    4.00000 0.00000 0.00000 0.00000 0.00000 0.00000 0.00000 0.00000 0.00000 0.00000 0.00000 0.00000 0.00000 0.00000 0.00000 0.00000



 kpoint  R : 0.000000 0.500000 0.500000  : 1 2 5 6 9 10 13 14
-R3R4  4    4.00000 0.00000 0.00000 0.00000 0.00000 0.00000 0.00000 0.00000



 kpoint  X : 0.000000 0.500000 0.000000  : 1 2 5 6 9 10 13 14
-X3X4  4    4.00000 0.00000 0.00000 0.00000 0.00000 0.00000 0.00000 0.00000



 kpoint  Z : 0.000000 0.000000 0.500000  : 1 2 3 4 5 6 7 8 9 10 11 12 13 14 15 16
-Z5  4    4.00000 0.00000 0.00000 0.00000 0.00000 0.00000 0.00000 0.00000 0.00000 0.00000 0.00000 0.00000 0.00000 0.00000 0.00000 0.00000
