SG=201.21
 name=P_In-3
 nsym=48
 spinor=False
symmetries=
         1 0 0 0 1 0 0 0 1    0 0 0  1
   -1 0 0 0 -1 0 0 0 1    0.5 0.5 0  1
   -1 0 0 0 1 0 0 0 -1    0.5 0 0.5  1
   1 0 0 0 -1 0 0 0 -1    0 0.5 0.5  1
         0 0 1 1 0 0 0 1 0    0 0 0  1
   0 0 1 -1 0 0 0 -1 0    0 0.5 0.5  1
   0 0 -1 -1 0 0 0 1 0    0.5 0.5 0  1
   0 0 -1 1 0 0 0 -1 0    0.5 0 0.5  1
         0 1 0 0 0 1 1 0 0    0 0 0  1
   0 -1 0 0 0 1 -1 0 0    0.5 0 0.5  1
   0 1 0 0 0 -1 -1 0 0    0 0.5 0.5  1
   0 -1 0 0 0 -1 1 0 0    0.5 0.5 0  1
      -1 0 0 0 -1 0 0 0 -1    0 0 0  1
    1 0 0 0 1 0 0 0 -1    0.5 0.5 0  1
    1 0 0 0 -1 0 0 0 1    0.5 0 0.5  1
    -1 0 0 0 1 0 0 0 1    0 0.5 0.5  1
      0 0 -1 -1 0 0 0 -1 0    0 0 0  1
    0 0 -1 1 0 0 0 1 0    0 0.5 0.5  1
    0 0 1 1 0 0 0 -1 0    0.5 0.5 0  1
    0 0 1 -1 0 0 0 1 0    0.5 0 0.5  1
      0 -1 0 0 0 -1 -1 0 0    0 0 0  1
    0 1 0 0 0 -1 1 0 0    0.5 0 0.5  1
    0 -1 0 0 0 1 1 0 0    0 0.5 0.5  1
    0 1 0 0 0 1 -1 0 0    0.5 0.5 0  1
   1 0 0 0 1 0 0 0 1    0.5 0.5 0.5 -1
     -1 0 0 0 -1 0 0 0 1    0 0 0.5 -1
     -1 0 0 0 1 0 0 0 -1    0 0.5 0 -1
     1 0 0 0 -1 0 0 0 -1    0.5 0 0 -1
   0 0 1 1 0 0 0 1 0    0.5 0.5 0.5 -1
     0 0 1 -1 0 0 0 -1 0    0.5 0 0 -1
     0 0 -1 -1 0 0 0 1 0    0 0 0.5 -1
     0 0 -1 1 0 0 0 -1 0    0 0.5 0 -1
   0 1 0 0 0 1 1 0 0    0.5 0.5 0.5 -1
     0 -1 0 0 0 1 -1 0 0    0 0.5 0 -1
     0 1 0 0 0 -1 -1 0 0    0.5 0 0 -1
     0 -1 0 0 0 -1 1 0 0    0 0 0.5 -1
-1 0 0 0 -1 0 0 0 -1    0.5 0.5 0.5 -1
      1 0 0 0 1 0 0 0 -1    0 0 0.5 -1
      1 0 0 0 -1 0 0 0 1    0 0.5 0 -1
      -1 0 0 0 1 0 0 0 1    0.5 0 0 -1
0 0 -1 -1 0 0 0 -1 0    0.5 0.5 0.5 -1
      0 0 -1 1 0 0 0 1 0    0.5 0 0 -1
      0 0 1 1 0 0 0 -1 0    0 0 0.5 -1
      0 0 1 -1 0 0 0 1 0    0 0.5 0 -1
0 -1 0 0 0 -1 -1 0 0    0.5 0.5 0.5 -1
      0 1 0 0 0 -1 1 0 0    0 0.5 0 -1
      0 -1 0 0 0 1 1 0 0    0.5 0 0 -1
      0 1 0 0 0 1 -1 0 0    0 0 0.5 -1


 kpoint  GM : 0.000000 0.000000 0.000000  : 1 2 3 4 5 6 7 8 9 10 11 12 13 14 15 16 17 18 19 20 21 22 23 24
GM1+  1    1.00000 1.00000 1.00000 1.00000 1.00000 1.00000 1.00000 1.00000 1.00000 1.00000 1.00000 1.00000 1.00000 1.00000 1.00000 1.00000 1.00000 1.00000 1.00000 1.00000 1.00000 1.00000 1.00000 1.00000
GM1-  1    1.00000 1.00000 1.00000 1.00000 1.00000 1.00000 1.00000 1.00000 1.00000 1.00000 1.00000 1.00000 -1.00000 -1.00000 -1.00000 -1.00000 -1.00000 -1.00000 -1.00000 -1.00000 -1.00000 -1.00000 -1.00000 -1.00000
GM2+GM3+  2    2.00000 2.00000 2.00000 2.00000 -1.00000 -1.00000 -1.00000 -1.00000 -1.00000 -1.00000 -1.00000 -1.00000 2.00000 2.00000 2.00000 2.00000 -1.00000 -1.00000 -1.00000 -1.00000 -1.00000 -1.00000 -1.00000 -1.00000
GM2-GM3-  2    2.00000 2.00000 2.00000 2.00000 -1.00000 -1.00000 -1.00000 -1.00000 -1.00000 -1.00000 -1.00000 -1.00000 -2.00000 -2.00000 -2.00000 -2.00000 1.00000 1.00000 1.00000 1.00000 1.00000 1.00000 1.00000 1.00000
GM4+  3    3.00000 -1.00000 -1.00000 -1.00000 0.00000 0.00000 0.00000 0.00000 0.00000 0.00000 0.00000 0.00000 3.00000 -1.00000 -1.00000 -1.00000 0.00000 0.00000 0.00000 0.00000 0.00000 0.00000 0.00000 0.00000
GM4-  3    3.00000 -1.00000 -1.00000 -1.00000 0.00000 0.00000 0.00000 0.00000 0.00000 0.00000 0.00000 0.00000 -3.00000 1.00000 1.00000 1.00000 0.00000 0.00000 0.00000 0.00000 0.00000 0.00000 0.00000 0.00000



 kpoint  M : 0.500000 0.500000 0.000000  : 1 2 3 4 13 14 15 16
M1  2    2.00000 2.00000 0.00000 0.00000 0.00000 0.00000 0.00000 0.00000
M2  2    2.00000 -2.00000 0.00000 0.00000 0.00000 0.00000 0.00000 0.00000



 kpoint  R : 0.500000 0.500000 0.500000  : 1 2 3 4 5 6 7 8 9 10 11 12 13 14 15 16 17 18 19 20 21 22 23 24
R1-R1+  2    2.00000 2.00000 2.00000 2.00000 2.00000 2.00000 2.00000 2.00000 2.00000 2.00000 2.00000 2.00000 0.00000 0.00000 0.00000 0.00000 0.00000 0.00000 0.00000 0.00000 0.00000 0.00000 0.00000 0.00000
R2+R3-  2    2.00000 2.00000 2.00000 2.00000 1.00000 1.00000 1.00000 1.00000 1.00000 1.00000 1.00000 1.00000 0.00000 0.00000 0.00000 0.00000 1.73205 1.73205 1.73205 1.73205 1.73205 1.73205 1.73205 1.73205 0.00000 0.00000 0.00000 0.00000 1.00000 1.00000 1.00000 1.00000 1.00000 1.00000 1.00000 1.00000 0.00000 0.00000 0.00000 0.00000 0.50000 0.50000 0.50000 0.50000 -0.50000 -0.50000 -0.50000 -0.50000
R2-R3+  2    2.00000 2.00000 2.00000 2.00000 1.00000 1.00000 1.00000 1.00000 1.00000 1.00000 1.00000 1.00000 0.00000 0.00000 0.00000 0.00000 1.73205 1.73205 1.73205 1.73205 1.73205 1.73205 1.73205 1.73205 0.00000 0.00000 0.00000 0.00000 1.00000 1.00000 1.00000 1.00000 1.00000 1.00000 1.00000 1.00000 0.00000 0.00000 0.00000 0.00000 -0.50000 -0.50000 -0.50000 -0.50000 0.50000 0.50000 0.50000 0.50000
R4-R4+  6    6.00000 -2.00000 -2.00000 -2.00000 0.00000 0.00000 0.00000 0.00000 0.00000 0.00000 0.00000 0.00000 0.00000 0.00000 0.00000 0.00000 0.00000 0.00000 0.00000 0.00000 0.00000 0.00000 0.00000 0.00000



 kpoint  X : 0.000000 0.500000 0.000000  : 1 2 3 4 13 14 15 16
X1  2    2.00000 0.00000 2.00000 0.00000 0.00000 0.00000 0.00000 0.00000
X2  2    2.00000 0.00000 -2.00000 0.00000 0.00000 0.00000 0.00000 0.00000
