SG=191
 name=P6/mmm 
 nsym= 24
 spinor=True
symmetries=
1 0 0   0 1 0   0 0 1     0.0 0.0 0.0      1.0  0.0  0.0  1.0    0.0  0.0  0.0  0.0
0 -1 0   1 -1 0   0 0 1     0.0 0.0 0.0      1.0  0.0  0.0  1.0    0.33333  0.0  0.0  -0.33333
-1 1 0   -1 0 0   0 0 1     0.0 0.0 0.0      1.0  0.0  0.0  1.0    -0.33333  0.0  0.0  0.33333
-1 0 0   0 -1 0   0 0 1     0.0 0.0 0.0      1.0  0.0  0.0  1.0    -0.5  0.0  0.0  0.5
0 1 0   -1 1 0   0 0 1     0.0 0.0 0.0      1.0  0.0  0.0  1.0    -0.16667  0.0  0.0  0.16667
1 -1 0   1 0 0   0 0 1     0.0 0.0 0.0      1.0  0.0  0.0  1.0    0.16667  0.0  0.0  -0.16667
0 1 0   1 0 0   0 0 -1     0.0 0.0 0.0      0.0  1.0  1.0  0.0    0.0  -0.66667  -0.33333  0.0
1 -1 0   0 -1 0   0 0 -1     0.0 0.0 0.0      0.0  1.0  1.0  0.0    0.0  1.0  0.0  0.0
-1 0 0   -1 1 0   0 0 -1     0.0 0.0 0.0      0.0  1.0  1.0  0.0    0.0  0.66667  0.33333  0.0
0 -1 0   -1 0 0   0 0 -1     0.0 0.0 0.0      0.0  1.0  1.0  0.0    0.0  0.83333  0.16667  0.0
-1 1 0   0 1 0   0 0 -1     0.0 0.0 0.0      0.0  1.0  1.0  0.0    0.0  -0.5  -0.5  0.0
1 0 0   1 -1 0   0 0 -1     0.0 0.0 0.0      0.0  1.0  1.0  0.0    0.0  0.16667  0.83333  0.0
-1 0 0   0 -1 0   0 0 -1     0.0 0.0 0.0      1.0  0.0  0.0  1.0    0.0  0.0  0.0  0.0
0 1 0   -1 1 0   0 0 -1     0.0 0.0 0.0      1.0  0.0  0.0  1.0    0.33333  0.0  0.0  -0.33333
1 -1 0   1 0 0   0 0 -1     0.0 0.0 0.0      1.0  0.0  0.0  1.0    -0.33333  0.0  0.0  0.33333
1 0 0   0 1 0   0 0 -1     0.0 0.0 0.0      1.0  0.0  0.0  1.0    -0.5  0.0  0.0  0.5
0 -1 0   1 -1 0   0 0 -1     0.0 0.0 0.0      1.0  0.0  0.0  1.0    -0.16667  0.0  0.0  0.16667
-1 1 0   -1 0 0   0 0 -1     0.0 0.0 0.0      1.0  0.0  0.0  1.0    0.16667  0.0  0.0  -0.16667
0 -1 0   -1 0 0   0 0 1     0.0 0.0 0.0      0.0  1.0  1.0  0.0    0.0  -0.66667  -0.33333  0.0
-1 1 0   0 1 0   0 0 1     0.0 0.0 0.0      0.0  1.0  1.0  0.0    0.0  1.0  0.0  0.0
1 0 0   1 -1 0   0 0 1     0.0 0.0 0.0      0.0  1.0  1.0  0.0    0.0  0.66667  0.33333  0.0
0 1 0   1 0 0   0 0 1     0.0 0.0 0.0      0.0  1.0  1.0  0.0    0.0  0.83333  0.16667  0.0
1 -1 0   0 -1 0   0 0 1     0.0 0.0 0.0      0.0  1.0  1.0  0.0    0.0  -0.5  -0.5  0.0
-1 0 0   -1 1 0   0 0 1     0.0 0.0 0.0      0.0  1.0  1.0  0.0    0.0  0.16667  0.83333  0.0


 kpoint  A : 0.0 0.0 0.5  : 1 2 3 4 5 6 7 8 9 10 11 12 13 14 15 16 17 18 19 20 21 22 23 24
-A7 2    2.0  -2.0  -2.0  0.0  0.0  0.0  0.0  0.0  0.0  0.0  0.0  0.0  2.0  -2.0  -2.0  0.0  0.0  0.0  0.0  0.0  0.0  0.0  0.0  0.0
-A8 2    2.0  1.0  1.0  0.0  -1.73205  -1.73205  0.0  0.0  0.0  0.0  0.0  0.0  2.0  1.0  1.0  0.0  -1.73205  -1.73205  0.0  0.0  0.0  0.0  0.0  0.0
-A9 2    2.0  1.0  1.0  0.0  1.73205  1.73205  0.0  0.0  0.0  0.0  0.0  0.0  2.0  1.0  1.0  0.0  1.73205  1.73205  0.0  0.0  0.0  0.0  0.0  0.0
-A10 2    2.0  -2.0  -2.0  0.0  0.0  0.0  0.0  0.0  0.0  0.0  0.0  0.0  -2.0  2.0  2.0  0.0  0.0  0.0  0.0  0.0  0.0  0.0  0.0  0.0
-A11 2    2.0  1.0  1.0  0.0  -1.73205  -1.73205  0.0  0.0  0.0  0.0  0.0  0.0  -2.0  -1.0  -1.0  0.0  1.73205  1.73205  0.0  0.0  0.0  0.0  0.0  0.0
-A12 2    2.0  1.0  1.0  0.0  1.73205  1.73205  0.0  0.0  0.0  0.0  0.0  0.0  -2.0  -1.0  -1.0  0.0  -1.73205  -1.73205  0.0  0.0  0.0  0.0  0.0  0.0

 kpoint  GM : 0.0 0.0 0.0  : 1 2 3 4 5 6 7 8 9 10 11 12 13 14 15 16 17 18 19 20 21 22 23 24
-GM7 2    2.0  -2.0  -2.0  0.0  0.0  0.0  0.0  0.0  0.0  0.0  0.0  0.0  2.0  -2.0  -2.0  0.0  0.0  0.0  0.0  0.0  0.0  0.0  0.0  0.0
-GM8 2    2.0  1.0  1.0  0.0  -1.73205  -1.73205  0.0  0.0  0.0  0.0  0.0  0.0  2.0  1.0  1.0  0.0  -1.73205  -1.73205  0.0  0.0  0.0  0.0  0.0  0.0
-GM9 2    2.0  1.0  1.0  0.0  1.73205  1.73205  0.0  0.0  0.0  0.0  0.0  0.0  2.0  1.0  1.0  0.0  1.73205  1.73205  0.0  0.0  0.0  0.0  0.0  0.0
-GM10 2    2.0  -2.0  -2.0  0.0  0.0  0.0  0.0  0.0  0.0  0.0  0.0  0.0  -2.0  2.0  2.0  0.0  0.0  0.0  0.0  0.0  0.0  0.0  0.0  0.0
-GM11 2    2.0  1.0  1.0  0.0  -1.73205  -1.73205  0.0  0.0  0.0  0.0  0.0  0.0  -2.0  -1.0  -1.0  0.0  1.73205  1.73205  0.0  0.0  0.0  0.0  0.0  0.0
-GM12 2    2.0  1.0  1.0  0.0  1.73205  1.73205  0.0  0.0  0.0  0.0  0.0  0.0  -2.0  -1.0  -1.0  0.0  -1.73205  -1.73205  0.0  0.0  0.0  0.0  0.0  0.0

 kpoint  H : 0.333333 0.333333 0.5  : 1 2 3 7 8 9 16 17 18 22 23 24
-H7 2    2.0  -2.0  -2.0  0.0  0.0  0.0  0.0  0.0  0.0  0.0  0.0  0.0
-H8 2    2.0  1.0  1.0  0.0  0.0  0.0  0.0  -1.73205  -1.73205  0.0  0.0  0.0
-H9 2    2.0  1.0  1.0  0.0  0.0  0.0  0.0  1.73205  1.73205  0.0  0.0  0.0

 kpoint  K : 0.333333 0.333333 0.0  : 1 2 3 7 8 9 16 17 18 22 23 24
-K7 2    2.0  -2.0  -2.0  0.0  0.0  0.0  0.0  0.0  0.0  0.0  0.0  0.0
-K8 2    2.0  1.0  1.0  0.0  0.0  0.0  0.0  -1.73205  -1.73205  0.0  0.0  0.0
-K9 2    2.0  1.0  1.0  0.0  0.0  0.0  0.0  1.73205  1.73205  0.0  0.0  0.0

 kpoint  L : 0.5 0.0 0.5  : 1 4 9 12 13 16 21 24
-L5 2    2.0  0.0  0.0  0.0  2.0  0.0  0.0  0.0
-L6 2    2.0  0.0  0.0  0.0  -2.0  0.0  0.0  0.0

 kpoint  M : 0.5 0.0 0.0  : 1 4 9 12 13 16 21 24
-M5 2    2.0  0.0  0.0  0.0  2.0  0.0  0.0  0.0
-M6 2    2.0  0.0  0.0  0.0  -2.0  0.0  0.0  0.0
