SG=198
 name=P213 
 nsym= 12
 spinor=False
symmetries=
1 0 0   0 1 0   0 0 1     0.0 0.0 0.0
-1 0 0   0 -1 0   0 0 1     0.5 0.0 0.5
-1 0 0   0 1 0   0 0 -1     0.0 0.5 0.5
1 0 0   0 -1 0   0 0 -1     0.5 0.5 0.0
0 0 1   1 0 0   0 1 0     0.0 0.0 0.0
0 0 1   -1 0 0   0 -1 0     0.5 0.5 0.0
0 0 -1   -1 0 0   0 1 0     0.5 0.0 0.5
0 0 -1   1 0 0   0 -1 0     0.0 0.5 0.5
0 1 0   0 0 1   1 0 0     0.0 0.0 0.0
0 -1 0   0 0 1   -1 0 0     0.0 0.5 0.5
0 1 0   0 0 -1   -1 0 0     0.5 0.5 0.0
0 -1 0   0 0 -1   1 0 0     0.5 0.0 0.5


 kpoint  GM : 0.0 0.0 0.0  : 1 2 3 4 5 6 7 8 9 10 11 12
GM1 1    1.0  1.0  1.0  1.0  1.0  1.0  1.0  1.0  1.0  1.0  1.0  1.0
GM2 1    1.0  1.0  1.0  1.0  1.0  1.0  1.0  1.0  1.0  1.0  1.0  1.0   0.0  0.0  0.0  0.0  0.66667  0.66667  0.66667  0.66667  -0.66667  -0.66667  -0.66667  -0.66667
GM3 1    1.0  1.0  1.0  1.0  1.0  1.0  1.0  1.0  1.0  1.0  1.0  1.0   0.0  0.0  0.0  0.0  -0.66667  -0.66667  -0.66667  -0.66667  0.66667  0.66667  0.66667  0.66667
GM4 3    3.0  -1.0  -1.0  -1.0  0.0  0.0  0.0  0.0  0.0  0.0  0.0  0.0

 kpoint  R : 0.5 0.5 0.5  : 1 2 3 4 5 6 7 8 9 10 11 12
R1 2    2.0  0.0  0.0  0.0  1.0  1.0  1.0  1.0  1.0  1.0  1.0  1.0   0.0  0.0  0.0  0.0  0.33333  0.33333  0.33333  0.33333  -0.33333  0.66667  0.66667  0.66667
R2 2    2.0  0.0  0.0  0.0  -1.0  -1.0  -1.0  -1.0  -1.0  1.0  1.0  1.0
R3 2    2.0  0.0  0.0  0.0  1.0  1.0  1.0  1.0  1.0  1.0  1.0  1.0   0.0  0.0  0.0  0.0  -0.33333  -0.33333  -0.33333  -0.33333  0.33333  -0.66667  -0.66667  -0.66667

 kpoint  M : 0.5 0.5 0.0  : 1 2 3 4
M1 1    1.0  1.0  1.0  1.0   0.0  0.0  -0.5  0.5
M2 1    1.0  1.0  1.0  1.0   0.0  0.0  0.5  -0.5
M3 1    1.0  1.0  1.0  1.0   0.0  1.0  0.5  0.5
M4 1    1.0  1.0  1.0  1.0   0.0  1.0  -0.5  -0.5

 kpoint  X : 0.0 0.5 0.0  : 1 2 3 4
X1 2    2.0  0.0  0.0  0.0
