SG=156
 name=P3m1 
 nsym= 6
 spinor=True
symmetries=
1 0 0   0 1 0   0 0 1     0.0 0.0 0.0      1.0  0.0  0.0  1.0    0.0  0.0  0.0  0.0
0 -1 0   1 -1 0   0 0 1     0.0 0.0 0.0      1.0  0.0  0.0  1.0    0.33333  0.0  0.0  -0.33333
-1 1 0   -1 0 0   0 0 1     0.0 0.0 0.0      1.0  0.0  0.0  1.0    -0.33333  0.0  0.0  0.33333
0 -1 0   -1 0 0   0 0 1     0.0 0.0 0.0      0.0  1.0  1.0  0.0    0.0  -0.66667  -0.33333  0.0
-1 1 0   0 1 0   0 0 1     0.0 0.0 0.0      0.0  1.0  1.0  0.0    0.0  1.0  0.0  0.0
1 0 0   1 -1 0   0 0 1     0.0 0.0 0.0      0.0  1.0  1.0  0.0    0.0  0.66667  0.33333  0.0


 kpoint  A : 0.0 0.0 0.5  : 1 2 3 4 5 6
-A4 1    1.0  1.0  1.0  1.0  1.0  1.0   0.0  1.0  1.0  -0.5  0.5  -0.5
-A5 1    1.0  1.0  1.0  1.0  1.0  1.0   0.0  1.0  1.0  0.5  -0.5  0.5
-A6 2    2.0  1.0  1.0  0.0  0.0  0.0

 kpoint  GM : 0.0 0.0 0.0  : 1 2 3 4 5 6
-GM4 1    1.0  1.0  1.0  1.0  1.0  1.0   0.0  1.0  1.0  -0.5  0.5  -0.5
-GM5 1    1.0  1.0  1.0  1.0  1.0  1.0   0.0  1.0  1.0  0.5  -0.5  0.5
-GM6 2    2.0  1.0  1.0  0.0  0.0  0.0

 kpoint  H : 0.333333 0.333333 0.5  : 1 2 3
-H4 1    1.0  -1.0  -1.0
-H5 1    1.0  1.0  1.0   0.0  -0.33333  0.33333
-H6 1    1.0  1.0  1.0   0.0  0.33333  -0.33333

 kpoint  K : 0.333333 0.333333 0.0  : 1 2 3
-K4 1    1.0  -1.0  -1.0
-K5 1    1.0  1.0  1.0   0.0  -0.33333  0.33333
-K6 1    1.0  1.0  1.0   0.0  0.33333  -0.33333

 kpoint  L : 0.5 0.0 0.5  : 1 6
-L3 1    1.0  1.0   0.0  -0.5
-L4 1    1.0  1.0   0.0  0.5

 kpoint  M : 0.5 0.0 0.0  : 1 6
-M3 1    1.0  1.0   0.0  -0.5
-M4 1    1.0  1.0   0.0  0.5
