SG=148
 name=R-3 
 nsym= 6
 spinor=True
symmetries=
1 0 0   0 1 0   0 0 1     0.0 0.0 0.0      1.0  0.0  0.0  1.0    0.0  0.0  0.0  0.0
0 -1 0   1 -1 0   0 0 1     0.0 0.0 0.0      1.0  0.0  0.0  1.0    0.33333  0.0  0.0  -0.33333
-1 1 0   -1 0 0   0 0 1     0.0 0.0 0.0      1.0  0.0  0.0  1.0    -0.33333  0.0  0.0  0.33333
-1 0 0   0 -1 0   0 0 -1     0.0 0.0 0.0      1.0  0.0  0.0  1.0    0.0  0.0  0.0  0.0
0 1 0   -1 1 0   0 0 -1     0.0 0.0 0.0      1.0  0.0  0.0  1.0    0.33333  0.0  0.0  -0.33333
1 -1 0   1 0 0   0 0 -1     0.0 0.0 0.0      1.0  0.0  0.0  1.0    -0.33333  0.0  0.0  0.33333


 kpoint  GM : 0.0 0.0 0.0  : 1 2 3 4 5 6
-GM4 1    1.0  -1.0  -1.0  1.0  -1.0  -1.0
-GM5 1    1.0  1.0  1.0  1.0  1.0  1.0   0.0  -0.33333  0.33333  0.0  -0.33333  0.33333
-GM6 1    1.0  1.0  1.0  1.0  1.0  1.0   0.0  0.33333  -0.33333  0.0  0.33333  -0.33333
-GM7 1    1.0  -1.0  -1.0  -1.0  1.0  1.0
-GM8 1    1.0  1.0  1.0  1.0  1.0  1.0   0.0  -0.33333  0.33333  1.0  0.66667  -0.66667
-GM9 1    1.0  1.0  1.0  1.0  1.0  1.0   0.0  0.33333  -0.33333  1.0  -0.66667  0.66667

 kpoint  T : 0.0 0.0 1.5  : 1 2 3 4 5 6
-T4 1    1.0  -1.0  -1.0  1.0  -1.0  -1.0
-T5 1    1.0  1.0  1.0  1.0  1.0  1.0   0.0  -0.33333  0.33333  0.0  -0.33333  0.33333
-T6 1    1.0  1.0  1.0  1.0  1.0  1.0   0.0  0.33333  -0.33333  0.0  0.33333  -0.33333
-T7 1    1.0  -1.0  -1.0  -1.0  1.0  1.0
-T8 1    1.0  1.0  1.0  1.0  1.0  1.0   0.0  -0.33333  0.33333  1.0  0.66667  -0.66667
-T9 1    1.0  1.0  1.0  1.0  1.0  1.0   0.0  0.33333  -0.33333  1.0  -0.66667  0.66667

 kpoint  F : 0.0 0.5 1.0  : 1 4
-F2 1    1.0  -1.0
-F3 1    1.0  1.0

 kpoint  L : -0.5 0.5 0.5  : 1 4
-L2 1    1.0  -1.0
-L3 1    1.0  1.0
