SG=123.343
 name=P4'/mmm'
 nsym=16
 spinor=False
symmetries=
   1 0 0 0 1 0 0 0 1    0 0 0  1
 -1 0 0 0 -1 0 0 0 1    0 0 0  1
 -1 0 0 0 1 0 0 0 -1    0 0 0  1
 1 0 0 0 -1 0 0 0 -1    0 0 0  1
-1 0 0 0 -1 0 0 0 -1    0 0 0  1
  1 0 0 0 1 0 0 0 -1    0 0 0  1
  1 0 0 0 -1 0 0 0 1    0 0 0  1
  -1 0 0 0 1 0 0 0 1    0 0 0  1
  0 -1 0 1 0 0 0 0 1    0 0 0 -1
  0 1 0 -1 0 0 0 0 1    0 0 0 -1
  0 1 0 1 0 0 0 0 -1    0 0 0 -1
0 -1 0 -1 0 0 0 0 -1    0 0 0 -1
 0 1 0 -1 0 0 0 0 -1    0 0 0 -1
 0 -1 0 1 0 0 0 0 -1    0 0 0 -1
 0 -1 0 -1 0 0 0 0 1    0 0 0 -1
   0 1 0 1 0 0 0 0 1    0 0 0 -1


 kpoint  GM : 0.000000 0.000000 0.000000  : 1 2 3 4 5 6 7 8
GM1+  1    1.00000 1.00000 1.00000 1.00000 1.00000 1.00000 1.00000 1.00000
GM1-  1    1.00000 1.00000 1.00000 1.00000 -1.00000 -1.00000 -1.00000 -1.00000
GM2+  1    1.00000 1.00000 -1.00000 -1.00000 1.00000 1.00000 -1.00000 -1.00000
GM2-  1    1.00000 1.00000 -1.00000 -1.00000 -1.00000 -1.00000 1.00000 1.00000
GM3+GM4+  2    2.00000 -2.00000 0.00000 0.00000 2.00000 -2.00000 0.00000 0.00000
GM3-GM4-  2    2.00000 -2.00000 0.00000 0.00000 -2.00000 2.00000 0.00000 0.00000



 kpoint  A : 0.500000 0.500000 0.500000  : 1 2 3 4 5 6 7 8
(A)R1+  1    1.00000 1.00000 1.00000 1.00000 1.00000 1.00000 1.00000 1.00000
(A)R1-  1    1.00000 1.00000 1.00000 1.00000 -1.00000 -1.00000 -1.00000 -1.00000
(A)R2+  1    1.00000 1.00000 -1.00000 -1.00000 1.00000 1.00000 -1.00000 -1.00000
(A)R2-  1    1.00000 1.00000 -1.00000 -1.00000 -1.00000 -1.00000 1.00000 1.00000
(A)R3+R4+  2    2.00000 -2.00000 0.00000 0.00000 2.00000 -2.00000 0.00000 0.00000
(A)R3-R4-  2    2.00000 -2.00000 0.00000 0.00000 -2.00000 2.00000 0.00000 0.00000



 kpoint  M : 0.500000 0.500000 0.000000  : 1 2 3 4 5 6 7 8
(M)S1+  1    1.00000 1.00000 1.00000 1.00000 1.00000 1.00000 1.00000 1.00000
(M)S1-  1    1.00000 1.00000 1.00000 1.00000 -1.00000 -1.00000 -1.00000 -1.00000
(M)S2+  1    1.00000 1.00000 -1.00000 -1.00000 1.00000 1.00000 -1.00000 -1.00000
(M)S2-  1    1.00000 1.00000 -1.00000 -1.00000 -1.00000 -1.00000 1.00000 1.00000
(M)S3+S4+  2    2.00000 -2.00000 0.00000 0.00000 2.00000 -2.00000 0.00000 0.00000
(M)S3-S4-  2    2.00000 -2.00000 0.00000 0.00000 -2.00000 2.00000 0.00000 0.00000



 kpoint  R : 0.000000 0.500000 0.500000  : 1 2 3 4 5 6 7 8
(R)T1+  1    1.00000 1.00000 1.00000 1.00000 1.00000 1.00000 1.00000 1.00000
(R)T1-  1    1.00000 1.00000 1.00000 1.00000 -1.00000 -1.00000 -1.00000 -1.00000
(R)T2+  1    1.00000 1.00000 -1.00000 -1.00000 1.00000 1.00000 -1.00000 -1.00000
(R)T2-  1    1.00000 1.00000 -1.00000 -1.00000 -1.00000 -1.00000 1.00000 1.00000
(R)T3+  1    1.00000 -1.00000 -1.00000 1.00000 1.00000 -1.00000 -1.00000 1.00000
(R)T3-  1    1.00000 -1.00000 -1.00000 1.00000 -1.00000 1.00000 1.00000 -1.00000
(R)T4+  1    1.00000 -1.00000 1.00000 -1.00000 1.00000 -1.00000 1.00000 -1.00000
(R)T4-  1    1.00000 -1.00000 1.00000 -1.00000 -1.00000 1.00000 -1.00000 1.00000



 kpoint  RA : -0.500000 0.000000 0.500000  : 1 2 3 4 5 6 7 8
(RA)U1+  1    1.00000 1.00000 1.00000 1.00000 1.00000 1.00000 1.00000 1.00000
(RA)U1-  1    1.00000 1.00000 1.00000 1.00000 -1.00000 -1.00000 -1.00000 -1.00000
(RA)U2+  1    1.00000 1.00000 -1.00000 -1.00000 1.00000 1.00000 -1.00000 -1.00000
(RA)U2-  1    1.00000 1.00000 -1.00000 -1.00000 -1.00000 -1.00000 1.00000 1.00000
(RA)U3+  1    1.00000 -1.00000 -1.00000 1.00000 1.00000 -1.00000 -1.00000 1.00000
(RA)U3-  1    1.00000 -1.00000 -1.00000 1.00000 -1.00000 1.00000 1.00000 -1.00000
(RA)U4+  1    1.00000 -1.00000 1.00000 -1.00000 1.00000 -1.00000 1.00000 -1.00000
(RA)U4-  1    1.00000 -1.00000 1.00000 -1.00000 -1.00000 1.00000 -1.00000 1.00000



 kpoint  X : 0.000000 0.500000 0.000000  : 1 2 3 4 5 6 7 8
(X)Y1+  1    1.00000 1.00000 1.00000 1.00000 1.00000 1.00000 1.00000 1.00000
(X)Y1-  1    1.00000 1.00000 1.00000 1.00000 -1.00000 -1.00000 -1.00000 -1.00000
(X)Y2+  1    1.00000 1.00000 -1.00000 -1.00000 1.00000 1.00000 -1.00000 -1.00000
(X)Y2-  1    1.00000 1.00000 -1.00000 -1.00000 -1.00000 -1.00000 1.00000 1.00000
(X)Y3+  1    1.00000 -1.00000 -1.00000 1.00000 1.00000 -1.00000 -1.00000 1.00000
(X)Y3-  1    1.00000 -1.00000 -1.00000 1.00000 -1.00000 1.00000 1.00000 -1.00000
(X)Y4+  1    1.00000 -1.00000 1.00000 -1.00000 1.00000 -1.00000 1.00000 -1.00000
(X)Y4-  1    1.00000 -1.00000 1.00000 -1.00000 -1.00000 1.00000 -1.00000 1.00000



 kpoint  XA : -0.500000 0.000000 0.000000  : 1 2 3 4 5 6 7 8
(XA)X1+  1    1.00000 1.00000 1.00000 1.00000 1.00000 1.00000 1.00000 1.00000
(XA)X1-  1    1.00000 1.00000 1.00000 1.00000 -1.00000 -1.00000 -1.00000 -1.00000
(XA)X2+  1    1.00000 1.00000 -1.00000 -1.00000 1.00000 1.00000 -1.00000 -1.00000
(XA)X2-  1    1.00000 1.00000 -1.00000 -1.00000 -1.00000 -1.00000 1.00000 1.00000
(XA)X3+  1    1.00000 -1.00000 -1.00000 1.00000 1.00000 -1.00000 -1.00000 1.00000
(XA)X3-  1    1.00000 -1.00000 -1.00000 1.00000 -1.00000 1.00000 1.00000 -1.00000
(XA)X4+  1    1.00000 -1.00000 1.00000 -1.00000 1.00000 -1.00000 1.00000 -1.00000
(XA)X4-  1    1.00000 -1.00000 1.00000 -1.00000 -1.00000 1.00000 -1.00000 1.00000



 kpoint  Z : 0.000000 0.000000 0.500000  : 1 2 3 4 5 6 7 8
Z1+  1    1.00000 1.00000 1.00000 1.00000 1.00000 1.00000 1.00000 1.00000
Z1-  1    1.00000 1.00000 1.00000 1.00000 -1.00000 -1.00000 -1.00000 -1.00000
Z2+  1    1.00000 1.00000 -1.00000 -1.00000 1.00000 1.00000 -1.00000 -1.00000
Z2-  1    1.00000 1.00000 -1.00000 -1.00000 -1.00000 -1.00000 1.00000 1.00000
Z3+Z4+  2    2.00000 -2.00000 0.00000 0.00000 2.00000 -2.00000 0.00000 0.00000
Z3-Z4-  2    2.00000 -2.00000 0.00000 0.00000 -2.00000 2.00000 0.00000 0.00000
