SG=230.148
 name=Ia-3d'
 nsym=48
 spinor=False
symmetries=
            1 0 0 0 1 0 0 0 1    0 0 0  1
        -1 0 0 0 -1 0 0 0 1    0 0.5 0  1
        -1 0 0 0 1 0 0 0 -1    0.5 0 0  1
        1 0 0 0 -1 0 0 0 -1    0 0 0.5  1
            0 0 1 1 0 0 0 1 0    0 0 0  1
        0 0 1 -1 0 0 0 -1 0    0 0 0.5  1
        0 0 -1 -1 0 0 0 1 0    0 0.5 0  1
        0 0 -1 1 0 0 0 -1 0    0.5 0 0  1
            0 1 0 0 0 1 1 0 0    0 0 0  1
        0 -1 0 0 0 1 -1 0 0    0.5 0 0  1
        0 1 0 0 0 -1 -1 0 0    0 0 0.5  1
        0 -1 0 0 0 -1 1 0 0    0 0.5 0  1
         -1 0 0 0 -1 0 0 0 -1    0 0 0  1
         1 0 0 0 1 0 0 0 -1    0 0.5 0  1
         1 0 0 0 -1 0 0 0 1    0.5 0 0  1
         -1 0 0 0 1 0 0 0 1    0 0 0.5  1
         0 0 -1 -1 0 0 0 -1 0    0 0 0  1
         0 0 -1 1 0 0 0 1 0    0 0 0.5  1
         0 0 1 1 0 0 0 -1 0    0 0.5 0  1
         0 0 1 -1 0 0 0 1 0    0.5 0 0  1
         0 -1 0 0 0 -1 -1 0 0    0 0 0  1
         0 1 0 0 0 -1 1 0 0    0.5 0 0  1
         0 -1 0 0 0 1 1 0 0    0 0 0.5  1
         0 1 0 0 0 1 -1 0 0    0 0.5 0  1
  0 1 0 1 0 0 0 0 -1    0.75 0.25 0.25 -1
0 -1 0 -1 0 0 0 0 -1    0.25 0.25 0.25 -1
  0 1 0 -1 0 0 0 0 1    0.25 0.25 0.75 -1
  0 -1 0 1 0 0 0 0 1    0.25 0.75 0.25 -1
  1 0 0 0 0 1 0 -1 0    0.75 0.25 0.25 -1
  -1 0 0 0 0 1 0 1 0    0.25 0.75 0.25 -1
-1 0 0 0 0 -1 0 -1 0    0.25 0.25 0.25 -1
  1 0 0 0 0 -1 0 1 0    0.25 0.25 0.75 -1
  0 0 1 0 1 0 -1 0 0    0.75 0.25 0.25 -1
  0 0 1 0 -1 0 1 0 0    0.25 0.25 0.75 -1
  0 0 -1 0 1 0 1 0 0    0.25 0.75 0.25 -1
0 0 -1 0 -1 0 -1 0 0    0.25 0.25 0.25 -1
 0 -1 0 -1 0 0 0 0 1    0.75 0.25 0.25 -1
   0 1 0 1 0 0 0 0 1    0.25 0.25 0.25 -1
 0 -1 0 1 0 0 0 0 -1    0.25 0.25 0.75 -1
 0 1 0 -1 0 0 0 0 -1    0.25 0.75 0.25 -1
 -1 0 0 0 0 -1 0 1 0    0.75 0.25 0.25 -1
 1 0 0 0 0 -1 0 -1 0    0.25 0.75 0.25 -1
   1 0 0 0 0 1 0 1 0    0.25 0.25 0.25 -1
 -1 0 0 0 0 1 0 -1 0    0.25 0.25 0.75 -1
 0 0 -1 0 -1 0 1 0 0    0.75 0.25 0.25 -1
 0 0 -1 0 1 0 -1 0 0    0.25 0.25 0.75 -1
 0 0 1 0 -1 0 -1 0 0    0.25 0.75 0.25 -1
   0 0 1 0 1 0 1 0 0    0.25 0.25 0.25 -1


 kpoint  GM : 0.000000 0.000000 0.000000  : 1 2 3 4 5 6 7 8 9 10 11 12 13 14 15 16 17 18 19 20 21 22 23 24
GM1+  1    1.00000 1.00000 1.00000 1.00000 1.00000 1.00000 1.00000 1.00000 1.00000 1.00000 1.00000 1.00000 1.00000 1.00000 1.00000 1.00000 1.00000 1.00000 1.00000 1.00000 1.00000 1.00000 1.00000 1.00000
GM1-  1    1.00000 1.00000 1.00000 1.00000 1.00000 1.00000 1.00000 1.00000 1.00000 1.00000 1.00000 1.00000 -1.00000 -1.00000 -1.00000 -1.00000 -1.00000 -1.00000 -1.00000 -1.00000 -1.00000 -1.00000 -1.00000 -1.00000
GM2+  1    1.00000 1.00000 1.00000 1.00000 1.00000 1.00000 1.00000 1.00000 1.00000 1.00000 1.00000 1.00000 1.00000 1.00000 1.00000 1.00000 1.00000 1.00000 1.00000 1.00000 1.00000 1.00000 1.00000 1.00000 0.00000 0.00000 0.00000 0.00000 0.66667 0.66667 0.66667 0.66667 -0.66667 -0.66667 -0.66667 -0.66667 0.00000 0.00000 0.00000 0.00000 0.66667 0.66667 0.66667 0.66667 -0.66667 -0.66667 -0.66667 -0.66667
GM2-  1    1.00000 1.00000 1.00000 1.00000 1.00000 1.00000 1.00000 1.00000 1.00000 1.00000 1.00000 1.00000 1.00000 1.00000 1.00000 1.00000 1.00000 1.00000 1.00000 1.00000 1.00000 1.00000 1.00000 1.00000 0.00000 0.00000 0.00000 0.00000 0.66667 0.66667 0.66667 0.66667 -0.66667 -0.66667 -0.66667 -0.66667 -1.00000 -1.00000 -1.00000 -1.00000 -0.33333 -0.33333 -0.33333 -0.33333 0.33333 0.33333 0.33333 0.33333
GM3+  1    1.00000 1.00000 1.00000 1.00000 1.00000 1.00000 1.00000 1.00000 1.00000 1.00000 1.00000 1.00000 1.00000 1.00000 1.00000 1.00000 1.00000 1.00000 1.00000 1.00000 1.00000 1.00000 1.00000 1.00000 0.00000 0.00000 0.00000 0.00000 -0.66667 -0.66667 -0.66667 -0.66667 0.66667 0.66667 0.66667 0.66667 0.00000 0.00000 0.00000 0.00000 -0.66667 -0.66667 -0.66667 -0.66667 0.66667 0.66667 0.66667 0.66667
GM3-  1    1.00000 1.00000 1.00000 1.00000 1.00000 1.00000 1.00000 1.00000 1.00000 1.00000 1.00000 1.00000 1.00000 1.00000 1.00000 1.00000 1.00000 1.00000 1.00000 1.00000 1.00000 1.00000 1.00000 1.00000 0.00000 0.00000 0.00000 0.00000 -0.66667 -0.66667 -0.66667 -0.66667 0.66667 0.66667 0.66667 0.66667 -1.00000 -1.00000 -1.00000 -1.00000 0.33333 0.33333 0.33333 0.33333 -0.33333 -0.33333 -0.33333 -0.33333
GM4+  3    3.00000 -1.00000 -1.00000 -1.00000 0.00000 0.00000 0.00000 0.00000 0.00000 0.00000 0.00000 0.00000 3.00000 -1.00000 -1.00000 -1.00000 0.00000 0.00000 0.00000 0.00000 0.00000 0.00000 0.00000 0.00000
GM4-  3    3.00000 -1.00000 -1.00000 -1.00000 0.00000 0.00000 0.00000 0.00000 0.00000 0.00000 0.00000 0.00000 -3.00000 1.00000 1.00000 1.00000 0.00000 0.00000 0.00000 0.00000 0.00000 0.00000 0.00000 0.00000



 kpoint  H : 1.000000 1.000000 1.000000  : 1 2 3 4 5 6 7 8 9 10 11 12 13 14 15 16 17 18 19 20 21 22 23 24
H1-H1+  2    2.00000 -2.00000 -2.00000 -2.00000 2.00000 -2.00000 -2.00000 -2.00000 2.00000 -2.00000 -2.00000 -2.00000 0.00000 0.00000 0.00000 0.00000 0.00000 0.00000 0.00000 0.00000 0.00000 0.00000 0.00000 0.00000
H2-H2+  2    2.00000 2.00000 2.00000 2.00000 2.00000 2.00000 2.00000 2.00000 2.00000 2.00000 2.00000 2.00000 0.00000 0.00000 0.00000 0.00000 0.00000 0.00000 0.00000 0.00000 0.00000 0.00000 0.00000 0.00000 0.00000 -1.00000 -1.00000 -1.00000 0.66667 -0.33333 -0.33333 -0.33333 -0.66667 0.33333 0.33333 0.33333 0.00000 0.00000 0.00000 0.00000 0.00000 0.00000 0.00000 0.00000 0.00000 0.00000 0.00000 0.00000
H3-H3+  2    2.00000 2.00000 2.00000 2.00000 2.00000 2.00000 2.00000 2.00000 2.00000 2.00000 2.00000 2.00000 0.00000 0.00000 0.00000 0.00000 0.00000 0.00000 0.00000 0.00000 0.00000 0.00000 0.00000 0.00000 0.00000 -1.00000 -1.00000 -1.00000 -0.66667 0.33333 0.33333 0.33333 0.66667 -0.33333 -0.33333 -0.33333 0.00000 0.00000 0.00000 0.00000 0.00000 0.00000 0.00000 0.00000 0.00000 0.00000 0.00000 0.00000
H4-H4+  6    6.00000 2.00000 2.00000 2.00000 0.00000 0.00000 0.00000 0.00000 0.00000 0.00000 0.00000 0.00000 0.00000 0.00000 0.00000 0.00000 0.00000 0.00000 0.00000 0.00000 0.00000 0.00000 0.00000 0.00000



 kpoint  N : 0.500000 0.500000 0.000000  : 1 2 13 14
N1  2    2.00000 0.00000 0.00000 0.00000



 kpoint  P : 0.500000 0.500000 0.500000  : 1 2 3 4 5 6 7 8 9 10 11 12
P1  2    2.00000 0.00000 0.00000 0.00000 1.00000 1.00000 1.00000 1.00000 1.00000 1.00000 1.00000 1.00000 0.00000 0.00000 0.00000 0.00000 0.33333 -0.16667 -0.16667 -0.16667 -0.33333 0.16667 0.16667 0.16667
P2  2    2.00000 0.00000 0.00000 0.00000 1.00000 1.00000 1.00000 1.00000 1.00000 1.00000 1.00000 1.00000 0.00000 0.00000 0.00000 0.00000 1.00000 0.50000 0.50000 0.50000 1.00000 -0.50000 -0.50000 -0.50000
P3  2    2.00000 0.00000 0.00000 0.00000 1.00000 1.00000 1.00000 1.00000 1.00000 1.00000 1.00000 1.00000 0.00000 0.00000 0.00000 0.00000 -0.33333 -0.83333 -0.83333 -0.83333 0.33333 0.83333 0.83333 0.83333
