SG=230.149
 name=Ia'-3'd'
 nsym=48
 spinor=False
symmetries=
            1 0 0 0 1 0 0 0 1    0 0 0  1
        -1 0 0 0 -1 0 0 0 1    0 0.5 0  1
        -1 0 0 0 1 0 0 0 -1    0.5 0 0  1
        1 0 0 0 -1 0 0 0 -1    0 0 0.5  1
            0 0 1 1 0 0 0 1 0    0 0 0  1
        0 0 1 -1 0 0 0 -1 0    0 0 0.5  1
        0 0 -1 -1 0 0 0 1 0    0 0.5 0  1
        0 0 -1 1 0 0 0 -1 0    0.5 0 0  1
            0 1 0 0 0 1 1 0 0    0 0 0  1
        0 -1 0 0 0 1 -1 0 0    0.5 0 0  1
        0 1 0 0 0 -1 -1 0 0    0 0 0.5  1
        0 -1 0 0 0 -1 1 0 0    0 0.5 0  1
  0 1 0 1 0 0 0 0 -1    0.75 0.25 0.25  1
0 -1 0 -1 0 0 0 0 -1    0.25 0.25 0.25  1
  0 1 0 -1 0 0 0 0 1    0.25 0.25 0.75  1
  0 -1 0 1 0 0 0 0 1    0.25 0.75 0.25  1
  1 0 0 0 0 1 0 -1 0    0.75 0.25 0.25  1
  -1 0 0 0 0 1 0 1 0    0.25 0.75 0.25  1
-1 0 0 0 0 -1 0 -1 0    0.25 0.25 0.25  1
  1 0 0 0 0 -1 0 1 0    0.25 0.25 0.75  1
  0 0 1 0 1 0 -1 0 0    0.75 0.25 0.25  1
  0 0 1 0 -1 0 1 0 0    0.25 0.25 0.75  1
  0 0 -1 0 1 0 1 0 0    0.25 0.75 0.25  1
0 0 -1 0 -1 0 -1 0 0    0.25 0.25 0.25  1
         -1 0 0 0 -1 0 0 0 -1    0 0 0 -1
         1 0 0 0 1 0 0 0 -1    0 0.5 0 -1
         1 0 0 0 -1 0 0 0 1    0.5 0 0 -1
         -1 0 0 0 1 0 0 0 1    0 0 0.5 -1
         0 0 -1 -1 0 0 0 -1 0    0 0 0 -1
         0 0 -1 1 0 0 0 1 0    0 0 0.5 -1
         0 0 1 1 0 0 0 -1 0    0 0.5 0 -1
         0 0 1 -1 0 0 0 1 0    0.5 0 0 -1
         0 -1 0 0 0 -1 -1 0 0    0 0 0 -1
         0 1 0 0 0 -1 1 0 0    0.5 0 0 -1
         0 -1 0 0 0 1 1 0 0    0 0 0.5 -1
         0 1 0 0 0 1 -1 0 0    0 0.5 0 -1
 0 -1 0 -1 0 0 0 0 1    0.75 0.25 0.25 -1
   0 1 0 1 0 0 0 0 1    0.25 0.25 0.25 -1
 0 -1 0 1 0 0 0 0 -1    0.25 0.25 0.75 -1
 0 1 0 -1 0 0 0 0 -1    0.25 0.75 0.25 -1
 -1 0 0 0 0 -1 0 1 0    0.75 0.25 0.25 -1
 1 0 0 0 0 -1 0 -1 0    0.25 0.75 0.25 -1
   1 0 0 0 0 1 0 1 0    0.25 0.25 0.25 -1
 -1 0 0 0 0 1 0 -1 0    0.25 0.25 0.75 -1
 0 0 -1 0 -1 0 1 0 0    0.75 0.25 0.25 -1
 0 0 -1 0 1 0 -1 0 0    0.25 0.25 0.75 -1
 0 0 1 0 -1 0 -1 0 0    0.25 0.75 0.25 -1
   0 0 1 0 1 0 1 0 0    0.25 0.25 0.25 -1


 kpoint  GM : 0.000000 0.000000 0.000000  : 1 2 3 4 5 6 7 8 9 10 11 12 13 14 15 16 17 18 19 20 21 22 23 24
GM1  1    1.00000 1.00000 1.00000 1.00000 1.00000 1.00000 1.00000 1.00000 1.00000 1.00000 1.00000 1.00000 1.00000 1.00000 1.00000 1.00000 1.00000 1.00000 1.00000 1.00000 1.00000 1.00000 1.00000 1.00000
GM2  1    1.00000 1.00000 1.00000 1.00000 1.00000 1.00000 1.00000 1.00000 1.00000 1.00000 1.00000 1.00000 -1.00000 -1.00000 -1.00000 -1.00000 -1.00000 -1.00000 -1.00000 -1.00000 -1.00000 -1.00000 -1.00000 -1.00000
GM3  2    2.00000 2.00000 2.00000 2.00000 -1.00000 -1.00000 -1.00000 -1.00000 -1.00000 -1.00000 -1.00000 -1.00000 0.00000 0.00000 0.00000 0.00000 0.00000 0.00000 0.00000 0.00000 0.00000 0.00000 0.00000 0.00000
GM4  3    3.00000 -1.00000 -1.00000 -1.00000 0.00000 0.00000 0.00000 0.00000 0.00000 0.00000 0.00000 0.00000 -1.00000 -1.00000 1.00000 1.00000 1.00000 -1.00000 -1.00000 1.00000 1.00000 -1.00000 1.00000 -1.00000
GM5  3    3.00000 -1.00000 -1.00000 -1.00000 0.00000 0.00000 0.00000 0.00000 0.00000 0.00000 0.00000 0.00000 1.00000 1.00000 -1.00000 -1.00000 -1.00000 1.00000 1.00000 -1.00000 -1.00000 1.00000 -1.00000 1.00000



 kpoint  H : 1.000000 1.000000 1.000000  : 1 2 3 4 5 6 7 8 9 10 11 12 13 14 15 16 17 18 19 20 21 22 23 24
H1H2  2    2.00000 -2.00000 -2.00000 -2.00000 2.00000 -2.00000 -2.00000 -2.00000 2.00000 -2.00000 -2.00000 -2.00000 0.00000 0.00000 0.00000 0.00000 0.00000 0.00000 0.00000 0.00000 0.00000 0.00000 0.00000 0.00000
H3H3  4    4.00000 -4.00000 -4.00000 -4.00000 -2.00000 2.00000 2.00000 2.00000 -2.00000 2.00000 2.00000 2.00000 0.00000 0.00000 0.00000 0.00000 0.00000 0.00000 0.00000 0.00000 0.00000 0.00000 0.00000 0.00000
H4H5  6    6.00000 2.00000 2.00000 2.00000 0.00000 0.00000 0.00000 0.00000 0.00000 0.00000 0.00000 0.00000 0.00000 0.00000 0.00000 0.00000 0.00000 0.00000 0.00000 0.00000 0.00000 0.00000 0.00000 0.00000



 kpoint  N : 0.500000 0.500000 0.000000  : 1 2 13 14
N1N3  2    2.00000 0.00000 -2.00000 0.00000
N2N4  2    2.00000 0.00000 2.00000 0.00000



 kpoint  P : 0.500000 0.500000 0.500000  : 1 2 3 4 5 6 7 8 9 10 11 12
P1P3  4    4.00000 0.00000 0.00000 0.00000 1.00000 1.00000 1.00000 1.00000 1.00000 1.00000 1.00000 1.00000 0.00000 0.00000 0.00000 0.00000 0.00000 -0.50000 -0.50000 -0.50000 0.00000 0.50000 0.50000 0.50000
P2P2  4    4.00000 0.00000 0.00000 0.00000 2.00000 2.00000 2.00000 2.00000 2.00000 2.00000 2.00000 2.00000 0.00000 0.00000 0.00000 0.00000 1.00000 0.50000 0.50000 0.50000 1.00000 -0.50000 -0.50000 -0.50000
